-13.95	1
-9.66	1
-9.64	1
-9.6	1
-9.45	1
-9.41	1
-8.82	1
-8.65	1
-8.56	1
-8.51	1
-8.33	1
-8.21	1
-8.16	1
-8.08	1
-7.98	1
-7.93	1
-7.85	1
-7.47	1
-7.43	1
-7.42	1
-7.41	1
-7.35	1
-7.32	1
-7.27	1
-7.21	2
-7.2	2
-7.12	1
-7.1	1
-7.09	1
-7.08	1
-7.06	1
-7.02	1
-7.01	1
-6.97	1
-6.93	2
-6.91	1
-6.84	1
-6.82	2
-6.79	1
-6.78	1
-6.77	1
-6.72	2
-6.68	1
-6.67	2
-6.59	2
-6.58	2
-6.57	1
-6.54	1
-6.5	1
-6.49	1
-6.48	2
-6.45	1
-6.42	1
-6.36	1
-6.34	3
-6.28	1
-6.27	2
-6.25	2
-6.2	2
-6.19	2
-6.18	1
-6.17	1
-6.16	1
-6.13	1
-6.12	1
-6.11	1
-6.09	1
-6.06	1
-6.05	1
-6.04	1
-6.02	1
-6.01	2
-6.0	2
-5.99	3
-5.97	3
-5.96	3
-5.93	1
-5.92	1
-5.91	1
-5.9	1
-5.87	2
-5.86	1
-5.85	2
-5.83	1
-5.82	2
-5.81	2
-5.79	1
-5.77	1
-5.76	2
-5.75	2
-5.74	1
-5.72	2
-5.71	5
-5.7	1
-5.67	1
-5.66	1
-5.63	1
-5.62	1
-5.61	1
-5.6	3
-5.58	2
-5.56	3
-5.54	1
-5.53	2
-5.52	2
-5.49	1
-5.47	5
-5.44	1
-5.43	1
-5.42	1
-5.41	1
-5.39	2
-5.38	1
-5.36	1
-5.33	2
-5.31	1
-5.3	2
-5.29	2
-5.28	3
-5.27	1
-5.26	1
-5.23	2
-5.22	1
-5.21	1
-5.19	1
-5.18	1
-5.16	2
-5.15	1
-5.13	3
-5.11	1
-5.06	1
-5.05	1
-5.04	4
-5.03	1
-5.0	5
-4.98	4
-4.96	1
-4.95	4
-4.93	1
-4.92	1
-4.91	1
-4.9	2
-4.89	2
-4.88	2
-4.86	3
-4.85	1
-4.84	1
-4.83	3
-4.81	1
-4.8	1
-4.78	2
-4.77	3
-4.76	2
-4.75	2
-4.74	1
-4.73	2
-4.71	1
-4.7	2
-4.69	2
-4.68	2
-4.67	6
-4.65	1
-4.64	4
-4.63	1
-4.62	2
-4.61	8
-4.59	1
-4.58	5
-4.57	2
-4.55	3
-4.54	2
-4.53	4
-4.52	4
-4.51	2
-4.5	1
-4.49	2
-4.48	3
-4.47	4
-4.46	3
-4.45	1
-4.44	2
-4.43	3
-4.42	2
-4.41	1
-4.4	2
-4.38	1
-4.37	1
-4.35	2
-4.34	1
-4.33	1
-4.32	1
-4.31	5
-4.3	4
-4.29	1
-4.28	4
-4.27	2
-4.26	1
-4.24	2
-4.23	2
-4.22	1
-4.21	3
-4.2	1
-4.19	1
-4.18	5
-4.17	5
-4.16	2
-4.15	3
-4.14	3
-4.13	6
-4.12	3
-4.11	5
-4.1	6
-4.09	6
-4.08	4
-4.07	3
-4.06	1
-4.05	1
-4.04	3
-4.03	5
-4.01	5
-4.0	1
-3.99	4
-3.98	3
-3.97	3
-3.96	4
-3.95	7
-3.94	1
-3.93	6
-3.92	6
-3.91	2
-3.9	3
-3.89	4
-3.88	5
-3.87	3
-3.86	1
-3.85	8
-3.84	3
-3.83	5
-3.82	2
-3.81	4
-3.8	2
-3.79	3
-3.78	8
-3.77	5
-3.76	4
-3.75	3
-3.74	1
-3.73	3
-3.72	4
-3.71	2
-3.7	2
-3.69	4
-3.68	5
-3.67	4
-3.66	5
-3.65	3
-3.64	1
-3.63	4
-3.62	3
-3.61	6
-3.6	5
-3.59	5
-3.58	7
-3.57	6
-3.56	6
-3.55	5
-3.54	3
-3.53	4
-3.52	2
-3.51	1
-3.5	4
-3.49	3
-3.48	5
-3.47	4
-3.46	1
-3.45	1
-3.44	4
-3.43	2
-3.42	5
-3.41	7
-3.4	6
-3.39	3
-3.38	5
-3.37	4
-3.36	2
-3.35	1
-3.34	3
-3.33	8
-3.32	3
-3.31	6
-3.3	1
-3.29	1
-3.28	3
-3.27	6
-3.26	2
-3.25	3
-3.24	2
-3.23	3
-3.22	3
-3.21	4
-3.2	7
-3.19	7
-3.18	1
-3.17	4
-3.16	8
-3.15	3
-3.14	3
-3.13	1
-3.12	3
-3.11	3
-3.09	3
-3.08	3
-3.07	2
-3.06	7
-3.05	8
-3.04	4
-3.03	7
-3.02	3
-3.01	6
-3.0	3
-2.99	6
-2.98	7
-2.97	5
-2.96	4
-2.95	4
-2.94	2
-2.93	11
-2.92	7
-2.91	11
-2.9	9
-2.89	6
-2.88	6
-2.87	3
-2.86	5
-2.85	4
-2.84	3
-2.83	7
-2.82	8
-2.81	12
-2.8	7
-2.79	8
-2.78	11
-2.77	7
-2.76	14
-2.75	5
-2.74	12
-2.73	8
-2.72	5
-2.71	7
-2.7	9
-2.69	9
-2.68	18
-2.67	8
-2.66	6
-2.65	19
-2.64	7
-2.63	17
-2.62	16
-2.61	15
-2.6	13
-2.59	11
-2.58	8
-2.57	3
-2.56	21
-2.55	9
-2.54	2
-2.53	12
-2.52	14
-2.51	14
-2.5	9
-2.49	6
-2.48	7
-2.47	9
-2.46	7
-2.45	7
-2.44	3
-2.43	8
-2.42	10
-2.41	6
-2.4	10
-2.39	7
-2.38	7
-2.37	6
-2.36	10
-2.35	8
-2.34	5
-2.33	12
-2.32	8
-2.31	3
-2.3	7
-2.29	6
-2.28	8
-2.27	8
-2.26	6
-2.25	6
-2.24	4
-2.23	8
-2.22	5
-2.21	9
-2.2	7
-2.19	8
-2.18	6
-2.17	4
-2.16	6
-2.15	3
-2.14	7
-2.13	8
-2.12	4
-2.11	11
-2.1	6
-2.09	4
-2.08	11
-2.07	8
-2.06	7
-2.05	5
-2.04	9
-2.03	9
-2.02	7
-2.01	7
-2.0	8
-1.99	4
-1.98	6
-1.97	13
-1.96	7
-1.95	9
-1.94	10
-1.93	9
-1.92	8
-1.91	11
-1.9	9
-1.89	12
-1.88	9
-1.87	11
-1.86	11
-1.85	4
-1.84	9
-1.83	4
-1.82	7
-1.81	8
-1.8	8
-1.79	9
-1.78	6
-1.77	8
-1.76	13
-1.75	13
-1.74	14
-1.73	7
-1.72	18
-1.71	11
-1.7	9
-1.69	8
-1.68	15
-1.67	12
-1.66	13
-1.65	9
-1.64	7
-1.63	13
-1.62	9
-1.61	8
-1.6	18
-1.59	13
-1.58	8
-1.57	6
-1.56	17
-1.55	8
-1.54	6
-1.53	14
-1.52	14
-1.51	12
-1.5	18
-1.49	11
-1.48	16
-1.47	8
-1.46	10
-1.45	8
-1.44	9
-1.43	6
-1.42	10
-1.41	13
-1.4	7
-1.39	12
-1.38	12
-1.37	8
-1.36	8
-1.35	14
-1.34	8
-1.33	14
-1.32	9
-1.31	5
-1.3	16
-1.29	8
-1.28	8
-1.27	8
-1.26	9
-1.25	6
-1.24	10
-1.23	8
-1.22	12
-1.21	9
-1.2	10
-1.19	5
-1.18	7
-1.17	8
-1.16	9
-1.15	4
-1.14	5
-1.13	5
-1.12	8
-1.11	6
-1.1	10
-1.09	4
-1.08	9
-1.07	8
-1.06	11
-1.05	6
-1.04	10
-1.03	5
-1.02	4
-1.01	13
-1.0	13
-0.99	9
-0.98	7
-0.97	5
-0.96	8
-0.95	11
-0.94	13
-0.93	7
-0.92	10
-0.91	12
-0.9	6
-0.89	9
-0.88	8
-0.87	5
-0.86	10
-0.85	12
-0.84	15
-0.83	15
-0.82	19
-0.81	17
-0.8	13
-0.79	14
-0.78	12
-0.77	13
-0.76	10
-0.75	9
-0.74	7
-0.73	16
-0.72	9
-0.71	11
-0.7	12
-0.69	11
-0.68	14
-0.67	11
-0.66	15
-0.65	13
-0.64	12
-0.63	11
-0.62	9
-0.61	5
-0.6	7
-0.59	7
-0.58	8
-0.57	11
-0.56	5
-0.55	10
-0.54	6
-0.53	8
-0.52	5
-0.51	10
-0.5	5
-0.49	9
-0.48	4
-0.47	12
-0.46	7
-0.45	9
-0.44	15
-0.43	14
-0.42	9
-0.41	11
-0.4	11
-0.39	8
-0.38	8
-0.37	7
-0.36	5
-0.35	8
-0.34	6
-0.33	7
-0.32	8
-0.31	6
-0.3	10
-0.29	5
-0.28	8
-0.27	11
-0.26	15
-0.25	9
-0.24	10
-0.23	7
-0.22	10
-0.21	7
-0.2	6
-0.19	5
-0.18	4
-0.17	5
-0.16	5
-0.15	4
-0.14	6
-0.13	8
-0.12	3
-0.11	2
-0.1	2
-0.09	2
-0.07	2
-0.06	3
-0.03	3
0.0	176
0.06	2
0.07	1
0.08	1
0.09	10
0.1	24
0.11	8
0.12	6
0.13	8
0.14	8
0.15	9
0.16	2
0.17	5
0.18	5
0.19	11
0.2	3
0.21	1
0.22	11
0.23	8
0.24	11
0.25	4
0.26	4
0.27	3
0.28	7
0.29	11
0.3	3
0.31	3
0.32	8
0.33	3
0.34	8
0.35	4
0.36	4
0.37	8
0.38	6
0.39	6
0.4	3
0.41	5
0.42	6
0.43	8
0.44	9
0.45	6
0.46	7
0.47	7
0.48	7
0.49	6
0.5	7
0.51	9
0.52	4
0.53	3
0.54	8
0.55	12
0.56	5
0.57	5
0.58	6
0.59	7
0.6	8
0.61	5
0.62	3
0.63	8
0.64	8
0.65	5
0.66	3
0.67	3
0.68	7
0.69	5
0.7	5
0.71	5
0.72	4
0.73	6
0.74	4
0.75	4
0.76	3
0.77	7
0.78	5
0.79	5
0.8	4
0.81	3
0.82	2
0.83	1
0.84	6
0.85	12
0.86	5
0.87	2
0.88	4
0.89	4
0.9	8
0.91	7
0.92	5
0.93	3
0.94	1
0.95	8
0.96	9
0.97	7
0.98	5
0.99	2
1.0	6
1.01	4
1.02	7
1.03	7
1.04	4
1.05	5
1.06	11
1.07	1
1.08	10
1.09	12
1.1	8
1.11	6
1.12	2
1.13	9
1.14	8
1.15	7
1.16	3
1.17	5
1.18	4
1.19	7
1.2	11
1.21	2
1.22	6
1.23	5
1.24	3
1.25	8
1.26	4
1.27	9
1.28	7
1.29	2
1.3	7
1.31	4
1.32	3
1.33	2
1.34	3
1.35	4
1.36	6
1.37	4
1.38	3
1.39	2
1.4	5
1.41	4
1.42	4
1.43	7
1.44	5
1.45	3
1.46	5
1.47	7
1.48	7
1.49	2
1.5	2
1.51	4
1.52	4
1.53	4
1.54	5
1.55	4
1.56	5
1.57	4
1.58	4
1.59	4
1.6	4
1.61	5
1.62	3
1.63	9
1.64	4
1.65	5
1.66	9
1.67	7
1.68	4
1.69	3
1.7	2
1.71	6
1.72	4
1.73	6
1.74	4
1.75	8
1.76	3
1.77	3
1.78	5
1.79	5
1.8	5
1.81	1
1.82	5
1.83	6
1.84	3
1.85	1
1.86	3
1.87	2
1.88	4
1.89	2
1.9	3
1.91	1
1.92	3
1.93	3
1.94	2
1.95	1
1.96	4
1.97	3
1.98	4
1.99	5
2.0	5
2.01	1
2.02	3
2.03	2
2.04	3
2.05	5
2.06	4
2.07	2
2.08	3
2.09	1
2.1	2
2.11	1
2.12	1
2.13	2
2.14	6
2.15	3
2.17	4
2.18	4
2.19	3
2.2	2
2.21	4
2.22	4
2.24	2
2.25	1
2.27	1
2.29	1
2.3	1
2.31	1
2.32	3
2.33	2
2.34	2
2.35	2
2.36	3
2.37	2
2.39	1
2.41	1
2.42	3
2.44	1
2.46	2
2.47	3
2.48	3
2.5	3
2.51	1
2.52	1
2.54	3
2.55	1
2.56	2
2.57	2
2.58	1
2.59	1
2.61	4
2.62	3
2.64	2
2.65	6
2.66	3
2.67	2
2.68	3
2.69	2
2.7	2
2.71	5
2.72	2
2.73	2
2.76	3
2.77	1
2.78	1
2.79	2
2.8	2
2.82	3
2.83	1
2.84	3
2.85	3
2.86	1
2.87	1
2.88	2
2.89	1
2.91	1
2.92	1
2.95	2
2.97	1
2.98	1
2.99	3
3.01	1
3.03	3
3.04	1
3.06	1
3.08	2
3.09	2
3.1	2
3.11	2
3.13	1
3.19	1
3.2	1
3.21	1
3.23	1
3.27	1
3.29	1
3.3	1
3.33	1
3.38	1
3.39	1
3.42	1
3.45	1
3.48	1
3.49	1
3.51	2
3.52	1
3.57	1
3.6	1
3.61	1
3.63	1
3.64	1
3.66	2
3.67	1
3.68	2
3.73	2
3.75	1
3.77	1
3.83	2
3.85	1
3.86	1
3.88	1
3.91	1
3.92	1
3.93	2
3.95	1
3.96	1
3.97	1
4.0	1
4.04	1
4.08	1
4.09	1
4.15	1
4.17	1
4.18	1
4.2	1
4.28	1
4.38	1
4.41	1
4.43	1
4.5	1
4.55	2
4.57	1
4.58	1
4.61	2
4.65	1
4.69	1
4.76	1
4.89	1
4.93	1
4.95	1
5.06	1
5.17	2
5.25	1
5.3	1
5.41	1
5.49	1
5.5	1
5.59	1
5.69	1
6.04	1
6.08	1
6.56	1
6.61	1
6.72	1
6.82	2
6.87	1
6.98	1
6.99	1
7.04	1
7.88	1
7.98	1
