-18.56	1
-15.19	1
-14.88	1
-14.67	1
-14.46	1
-14.36	1
-14.32	2
-14.29	2
-14.21	1
-14.03	1
-13.96	1
-13.87	1
-13.86	1
-13.84	1
-13.59	1
-13.58	1
-13.56	1
-13.44	1
-13.4	1
-13.33	1
-13.17	1
-13.16	1
-13.04	1
-12.9	1
-12.82	2
-12.69	1
-12.63	1
-12.5	1
-12.45	1
-12.44	1
-12.34	1
-12.32	1
-12.28	1
-12.24	2
-12.12	1
-12.05	1
-11.96	1
-11.94	1
-11.86	1
-11.81	1
-11.61	1
-11.58	1
-11.56	1
-11.53	1
-11.51	1
-11.43	1
-11.37	1
-11.36	1
-11.32	1
-11.27	2
-11.25	1
-11.19	1
-11.17	1
-11.16	1
-11.15	1
-11.11	1
-11.08	1
-11.04	1
-11.02	1
-10.99	1
-10.91	1
-10.88	1
-10.86	1
-10.83	1
-10.79	1
-10.78	1
-10.77	1
-10.76	1
-10.72	1
-10.67	2
-10.65	1
-10.64	1
-10.62	1
-10.6	2
-10.59	1
-10.58	1
-10.57	1
-10.45	2
-10.43	1
-10.36	1
-10.33	1
-10.31	1
-10.27	1
-10.26	1
-10.23	1
-10.21	2
-10.15	1
-10.14	1
-10.08	2
-10.06	1
-10.05	2
-10.04	1
-9.97	1
-9.95	2
-9.92	2
-9.91	2
-9.9	1
-9.89	2
-9.87	2
-9.86	2
-9.85	1
-9.84	1
-9.82	1
-9.81	4
-9.79	2
-9.78	1
-9.77	2
-9.76	1
-9.75	1
-9.73	3
-9.72	1
-9.71	1
-9.7	1
-9.69	1
-9.68	2
-9.66	2
-9.65	1
-9.64	1
-9.63	1
-9.62	1
-9.61	1
-9.6	1
-9.59	2
-9.57	2
-9.54	1
-9.52	1
-9.5	1
-9.49	2
-9.48	2
-9.47	2
-9.46	2
-9.45	2
-9.44	1
-9.43	1
-9.41	1
-9.4	1
-9.39	1
-9.38	2
-9.37	1
-9.35	2
-9.33	2
-9.32	2
-9.31	3
-9.3	1
-9.29	2
-9.27	1
-9.25	2
-9.23	2
-9.22	1
-9.2	1
-9.19	3
-9.16	1
-9.15	1
-9.13	2
-9.12	1
-9.11	3
-9.09	7
-9.07	2
-9.05	2
-9.04	1
-9.03	2
-9.02	1
-9.01	2
-8.99	1
-8.98	2
-8.97	1
-8.96	4
-8.91	1
-8.9	7
-8.88	2
-8.87	1
-8.86	1
-8.85	4
-8.84	2
-8.83	1
-8.82	2
-8.81	2
-8.8	3
-8.79	1
-8.78	1
-8.77	1
-8.76	1
-8.73	2
-8.72	4
-8.7	6
-8.68	1
-8.67	2
-8.66	2
-8.65	2
-8.64	1
-8.63	1
-8.61	3
-8.6	5
-8.59	2
-8.58	1
-8.56	3
-8.55	2
-8.54	2
-8.53	2
-8.52	1
-8.51	1
-8.5	3
-8.49	1
-8.48	3
-8.47	4
-8.46	1
-8.45	3
-8.44	1
-8.43	4
-8.42	2
-8.41	3
-8.4	1
-8.39	1
-8.38	1
-8.37	2
-8.35	2
-8.33	7
-8.32	1
-8.31	4
-8.3	3
-8.29	6
-8.28	4
-8.27	2
-8.26	2
-8.25	3
-8.23	3
-8.22	1
-8.21	7
-8.2	1
-8.17	2
-8.16	2
-8.15	4
-8.14	5
-8.13	2
-8.12	1
-8.11	1
-8.1	3
-8.08	2
-8.07	4
-8.06	3
-8.05	3
-8.04	3
-8.03	1
-8.02	1
-8.0	4
-7.97	2
-7.96	1
-7.95	1
-7.94	1
-7.92	2
-7.91	2
-7.89	5
-7.88	4
-7.87	3
-7.86	2
-7.85	2
-7.84	2
-7.81	1
-7.8	1
-7.79	2
-7.78	2
-7.77	4
-7.76	5
-7.75	6
-7.74	1
-7.73	5
-7.71	2
-7.7	2
-7.69	9
-7.68	2
-7.67	4
-7.66	3
-7.65	3
-7.64	3
-7.63	4
-7.61	3
-7.6	1
-7.59	3
-7.58	4
-7.57	3
-7.56	2
-7.55	1
-7.54	4
-7.53	3
-7.52	1
-7.51	1
-7.5	3
-7.49	1
-7.48	2
-7.47	4
-7.46	3
-7.45	2
-7.44	2
-7.43	3
-7.42	4
-7.41	5
-7.4	5
-7.39	1
-7.38	3
-7.37	1
-7.36	1
-7.35	5
-7.34	4
-7.33	2
-7.32	7
-7.31	3
-7.3	3
-7.29	1
-7.28	1
-7.27	3
-7.26	3
-7.25	5
-7.24	3
-7.23	4
-7.22	7
-7.21	4
-7.2	1
-7.19	2
-7.18	4
-7.17	2
-7.16	1
-7.15	1
-7.14	6
-7.12	3
-7.11	2
-7.1	3
-7.09	4
-7.08	5
-7.07	2
-7.06	4
-7.05	2
-7.04	1
-7.03	2
-7.02	2
-7.01	4
-7.0	6
-6.99	2
-6.98	3
-6.97	2
-6.96	3
-6.95	2
-6.94	2
-6.93	6
-6.92	2
-6.91	4
-6.9	2
-6.89	2
-6.88	3
-6.87	2
-6.86	8
-6.85	2
-6.84	6
-6.83	4
-6.82	4
-6.81	2
-6.8	6
-6.79	8
-6.78	2
-6.77	4
-6.76	7
-6.75	7
-6.74	2
-6.73	3
-6.72	4
-6.71	6
-6.7	8
-6.69	2
-6.68	1
-6.67	9
-6.66	1
-6.65	3
-6.64	2
-6.63	6
-6.62	1
-6.61	4
-6.6	1
-6.59	6
-6.58	4
-6.57	3
-6.54	6
-6.53	2
-6.52	2
-6.51	4
-6.5	4
-6.49	2
-6.48	5
-6.47	4
-6.46	7
-6.45	4
-6.44	3
-6.43	8
-6.42	8
-6.41	2
-6.4	3
-6.39	3
-6.38	5
-6.37	3
-6.36	9
-6.35	5
-6.34	2
-6.33	6
-6.32	2
-6.31	8
-6.3	5
-6.29	4
-6.28	4
-6.27	4
-6.25	10
-6.24	3
-6.23	8
-6.22	5
-6.21	8
-6.2	4
-6.19	5
-6.18	9
-6.17	4
-6.16	5
-6.15	3
-6.14	6
-6.13	4
-6.12	5
-6.11	7
-6.1	5
-6.09	4
-6.08	4
-6.07	5
-6.06	8
-6.05	5
-6.04	6
-6.03	6
-6.02	9
-6.01	5
-6.0	5
-5.99	7
-5.98	5
-5.97	9
-5.96	6
-5.95	9
-5.94	8
-5.93	4
-5.92	1
-5.91	10
-5.9	8
-5.89	4
-5.88	12
-5.87	3
-5.86	9
-5.85	6
-5.84	14
-5.83	6
-5.82	6
-5.81	12
-5.8	8
-5.79	9
-5.78	7
-5.77	8
-5.76	11
-5.75	6
-5.74	1
-5.73	3
-5.72	3
-5.71	4
-5.7	5
-5.69	3
-5.68	6
-5.67	7
-5.66	8
-5.65	4
-5.64	3
-5.63	3
-5.62	2
-5.61	5
-5.6	9
-5.59	8
-5.58	5
-5.57	9
-5.56	14
-5.55	2
-5.54	4
-5.53	8
-5.52	8
-5.51	4
-5.5	6
-5.49	11
-5.48	7
-5.47	8
-5.46	7
-5.45	5
-5.44	9
-5.43	8
-5.42	1
-5.41	7
-5.4	2
-5.39	4
-5.38	8
-5.37	10
-5.36	6
-5.35	6
-5.34	5
-5.33	7
-5.32	6
-5.31	8
-5.3	6
-5.29	7
-5.28	7
-5.27	4
-5.26	14
-5.25	6
-5.24	5
-5.23	4
-5.22	11
-5.21	5
-5.2	3
-5.19	7
-5.18	6
-5.17	7
-5.16	6
-5.15	8
-5.14	5
-5.13	8
-5.12	7
-5.11	5
-5.1	6
-5.09	5
-5.08	8
-5.07	9
-5.06	12
-5.05	4
-5.04	7
-5.03	9
-5.02	11
-5.01	1
-5.0	12
-4.99	8
-4.98	9
-4.97	5
-4.96	7
-4.95	9
-4.94	3
-4.93	11
-4.92	5
-4.91	5
-4.9	8
-4.89	6
-4.88	7
-4.87	9
-4.86	8
-4.85	9
-4.84	7
-4.83	8
-4.82	3
-4.81	7
-4.8	6
-4.79	8
-4.78	5
-4.77	6
-4.76	9
-4.75	11
-4.74	7
-4.73	3
-4.72	8
-4.71	6
-4.7	9
-4.69	11
-4.68	6
-4.67	11
-4.66	2
-4.65	11
-4.64	11
-4.63	4
-4.62	6
-4.61	8
-4.6	9
-4.59	11
-4.58	15
-4.57	3
-4.56	6
-4.55	6
-4.54	8
-4.53	4
-4.52	4
-4.51	11
-4.5	8
-4.49	11
-4.48	10
-4.47	8
-4.46	12
-4.45	5
-4.44	8
-4.43	13
-4.42	9
-4.41	11
-4.4	10
-4.39	6
-4.38	12
-4.37	4
-4.36	8
-4.35	12
-4.34	6
-4.33	8
-4.32	9
-4.31	7
-4.3	9
-4.29	11
-4.28	13
-4.27	6
-4.26	12
-4.25	9
-4.24	10
-4.23	11
-4.22	2
-4.21	13
-4.2	13
-4.19	10
-4.18	11
-4.17	14
-4.16	5
-4.15	8
-4.14	7
-4.13	15
-4.12	16
-4.11	7
-4.1	6
-4.09	9
-4.08	6
-4.07	15
-4.06	7
-4.05	15
-4.04	11
-4.03	13
-4.02	5
-4.01	8
-4.0	14
-3.99	9
-3.98	7
-3.97	9
-3.96	17
-3.95	8
-3.94	10
-3.93	13
-3.92	8
-3.91	9
-3.9	10
-3.89	9
-3.88	7
-3.87	3
-3.86	15
-3.85	28
-3.84	6
-3.83	10
-3.82	11
-3.81	14
-3.8	9
-3.79	10
-3.78	12
-3.77	9
-3.76	17
-3.75	11
-3.74	12
-3.73	12
-3.72	18
-3.71	7
-3.7	18
-3.69	7
-3.68	10
-3.67	11
-3.66	9
-3.65	11
-3.64	19
-3.63	10
-3.62	12
-3.61	13
-3.6	24
-3.59	7
-3.58	4
-3.57	16
-3.56	13
-3.55	19
-3.54	11
-3.53	18
-3.52	8
-3.51	19
-3.5	10
-3.49	3
-3.48	13
-3.47	17
-3.46	13
-3.45	14
-3.44	13
-3.43	16
-3.42	10
-3.41	12
-3.4	9
-3.39	12
-3.38	12
-3.37	15
-3.36	16
-3.35	15
-3.34	11
-3.33	23
-3.32	10
-3.31	7
-3.3	12
-3.29	12
-3.28	12
-3.27	13
-3.26	15
-3.25	7
-3.24	18
-3.23	10
-3.22	12
-3.21	19
-3.2	12
-3.19	10
-3.18	12
-3.17	14
-3.16	14
-3.15	11
-3.14	11
-3.13	25
-3.12	9
-3.11	22
-3.1	16
-3.09	11
-3.08	18
-3.07	18
-3.06	9
-3.05	18
-3.04	18
-3.03	13
-3.02	13
-3.01	14
-3.0	21
-2.99	12
-2.98	12
-2.97	15
-2.96	12
-2.95	14
-2.94	11
-2.93	18
-2.92	12
-2.91	18
-2.9	15
-2.89	11
-2.88	17
-2.87	12
-2.86	20
-2.85	16
-2.84	14
-2.83	18
-2.82	15
-2.81	10
-2.8	12
-2.79	17
-2.78	16
-2.77	8
-2.76	19
-2.75	16
-2.74	17
-2.73	13
-2.72	14
-2.71	12
-2.7	21
-2.69	13
-2.68	13
-2.67	19
-2.66	15
-2.65	12
-2.64	11
-2.63	10
-2.62	14
-2.61	18
-2.6	19
-2.59	8
-2.58	15
-2.57	10
-2.56	21
-2.55	16
-2.54	9
-2.53	16
-2.52	12
-2.51	15
-2.5	21
-2.49	16
-2.48	12
-2.47	14
-2.46	13
-2.45	13
-2.44	15
-2.43	19
-2.42	17
-2.41	12
-2.4	19
-2.39	22
-2.38	18
-2.37	14
-2.36	18
-2.35	14
-2.34	19
-2.33	16
-2.32	18
-2.31	17
-2.3	15
-2.29	12
-2.28	6
-2.27	18
-2.26	16
-2.25	24
-2.24	18
-2.23	10
-2.22	12
-2.21	21
-2.2	17
-2.19	15
-2.18	11
-2.17	18
-2.16	17
-2.15	21
-2.14	19
-2.13	15
-2.12	16
-2.11	21
-2.1	17
-2.09	17
-2.08	22
-2.07	18
-2.06	15
-2.05	9
-2.04	16
-2.03	10
-2.02	24
-2.01	15
-2.0	28
-1.99	19
-1.98	21
-1.97	16
-1.96	12
-1.95	10
-1.94	13
-1.93	19
-1.92	13
-1.91	17
-1.9	12
-1.89	22
-1.88	6
-1.87	16
-1.86	21
-1.85	20
-1.84	17
-1.83	21
-1.82	16
-1.81	22
-1.8	20
-1.79	18
-1.78	14
-1.77	17
-1.76	29
-1.75	27
-1.74	19
-1.73	22
-1.72	22
-1.71	18
-1.7	16
-1.69	20
-1.68	14
-1.67	26
-1.66	18
-1.65	28
-1.64	16
-1.63	19
-1.62	20
-1.61	31
-1.6	26
-1.59	33
-1.58	16
-1.57	28
-1.56	19
-1.55	16
-1.54	17
-1.53	23
-1.52	17
-1.51	9
-1.5	15
-1.49	18
-1.48	16
-1.47	16
-1.46	17
-1.45	20
-1.44	27
-1.43	26
-1.42	28
-1.41	12
-1.4	19
-1.39	17
-1.38	17
-1.37	19
-1.36	30
-1.35	23
-1.34	24
-1.33	20
-1.32	23
-1.31	20
-1.3	17
-1.29	19
-1.28	18
-1.27	26
-1.26	18
-1.25	19
-1.24	32
-1.23	22
-1.22	25
-1.21	17
-1.2	18
-1.19	16
-1.18	28
-1.17	28
-1.16	19
-1.15	22
-1.14	18
-1.13	14
-1.12	13
-1.11	27
-1.1	20
-1.09	14
-1.08	21
-1.07	21
-1.06	29
-1.05	23
-1.04	20
-1.03	26
-1.02	18
-1.01	25
-1.0	27
-0.99	26
-0.98	17
-0.97	25
-0.96	24
-0.95	28
-0.94	11
-0.93	26
-0.92	18
-0.91	24
-0.9	27
-0.89	15
-0.88	36
-0.87	24
-0.86	22
-0.85	32
-0.84	22
-0.83	32
-0.82	27
-0.81	30
-0.8	23
-0.79	29
-0.78	29
-0.77	23
-0.76	34
-0.75	20
-0.74	19
-0.73	17
-0.72	23
-0.71	22
-0.7	25
-0.69	14
-0.68	35
-0.67	21
-0.66	33
-0.65	28
-0.64	26
-0.63	25
-0.62	38
-0.61	25
-0.6	21
-0.59	21
-0.58	29
-0.57	24
-0.56	30
-0.55	36
-0.54	22
-0.53	28
-0.52	23
-0.51	20
-0.5	27
-0.49	27
-0.48	22
-0.47	22
-0.46	16
-0.45	18
-0.44	26
-0.43	25
-0.42	17
-0.41	16
-0.4	21
-0.39	24
-0.38	26
-0.37	20
-0.36	25
-0.35	16
-0.34	24
-0.33	19
-0.32	33
-0.31	24
-0.3	26
-0.29	25
-0.28	26
-0.27	27
-0.26	20
-0.25	16
-0.24	23
-0.23	28
-0.22	24
-0.21	19
-0.2	20
-0.19	19
-0.18	14
-0.17	14
-0.16	14
-0.15	10
-0.14	13
-0.13	10
-0.12	19
-0.11	14
-0.1	7
-0.09	4
-0.08	6
-0.07	6
-0.06	3
-0.05	1
0.0	815
0.03	3
0.04	2
0.05	1
0.06	5
0.07	5
0.08	3
0.09	8
0.1	7
0.11	20
0.12	21
0.13	13
0.14	10
0.15	15
0.16	13
0.17	11
0.18	16
0.19	14
0.2	21
0.21	14
0.22	23
0.23	27
0.24	29
0.25	27
0.26	29
0.27	19
0.28	31
0.29	23
0.3	19
0.31	28
0.32	24
0.33	31
0.34	22
0.35	22
0.36	21
0.37	31
0.38	20
0.39	24
0.4	22
0.41	14
0.42	13
0.43	24
0.44	23
0.45	33
0.46	26
0.47	34
0.48	29
0.49	30
0.5	15
0.51	26
0.52	21
0.53	23
0.54	18
0.55	19
0.56	29
0.57	24
0.58	17
0.59	27
0.6	32
0.61	35
0.62	17
0.63	24
0.64	20
0.65	19
0.66	27
0.67	31
0.68	35
0.69	26
0.7	23
0.71	27
0.72	27
0.73	14
0.74	36
0.75	25
0.76	23
0.77	23
0.78	20
0.79	24
0.8	12
0.81	19
0.82	29
0.83	25
0.84	17
0.85	25
0.86	25
0.87	31
0.88	26
0.89	29
0.9	31
0.91	31
0.92	18
0.93	30
0.94	29
0.95	26
0.96	24
0.97	29
0.98	22
0.99	30
1.0	23
1.01	31
1.02	27
1.03	30
1.04	30
1.05	34
1.06	30
1.07	29
1.08	16
1.09	16
1.1	24
1.11	15
1.12	37
1.13	17
1.14	24
1.15	25
1.16	31
1.17	28
1.18	19
1.19	20
1.2	25
1.21	14
1.22	23
1.23	28
1.24	24
1.25	21
1.26	13
1.27	22
1.28	25
1.29	19
1.3	13
1.31	17
1.32	26
1.33	24
1.34	29
1.35	41
1.36	15
1.37	16
1.38	29
1.39	27
1.4	23
1.41	19
1.42	18
1.43	20
1.44	23
1.45	27
1.46	19
1.47	28
1.48	16
1.49	28
1.5	13
1.51	15
1.52	27
1.53	18
1.54	16
1.55	25
1.56	22
1.57	28
1.58	16
1.59	23
1.6	27
1.61	18
1.62	20
1.63	20
1.64	20
1.65	17
1.66	23
1.67	21
1.68	18
1.69	29
1.7	15
1.71	18
1.72	18
1.73	13
1.74	22
1.75	15
1.76	12
1.77	14
1.78	12
1.79	26
1.8	15
1.81	22
1.82	14
1.83	25
1.84	16
1.85	20
1.86	21
1.87	15
1.88	19
1.89	28
1.9	24
1.91	9
1.92	19
1.93	7
1.94	14
1.95	12
1.96	12
1.97	12
1.98	14
1.99	24
2.0	9
2.01	12
2.02	15
2.03	14
2.04	9
2.05	11
2.06	10
2.07	18
2.08	15
2.09	12
2.1	7
2.11	15
2.12	13
2.13	13
2.14	21
2.15	9
2.16	11
2.17	23
2.18	11
2.19	27
2.2	9
2.21	8
2.22	17
2.23	12
2.24	9
2.25	4
2.26	16
2.27	21
2.28	12
2.29	17
2.3	19
2.31	17
2.32	7
2.33	19
2.34	16
2.35	13
2.36	16
2.37	12
2.38	16
2.39	4
2.4	13
2.41	12
2.42	15
2.43	12
2.44	8
2.45	16
2.46	15
2.47	17
2.48	14
2.49	11
2.5	13
2.51	11
2.52	14
2.53	11
2.54	7
2.55	9
2.56	13
2.57	12
2.58	11
2.59	10
2.6	18
2.61	11
2.62	9
2.63	9
2.64	14
2.65	9
2.66	7
2.67	13
2.68	7
2.69	12
2.7	18
2.71	12
2.72	7
2.73	9
2.74	12
2.75	14
2.76	11
2.77	13
2.78	20
2.79	5
2.8	7
2.81	6
2.82	13
2.83	14
2.84	10
2.85	5
2.86	16
2.87	7
2.88	12
2.89	8
2.9	10
2.91	10
2.92	8
2.93	4
2.94	6
2.95	12
2.96	14
2.97	12
2.98	4
2.99	12
3.0	4
3.01	17
3.02	9
3.03	8
3.04	11
3.05	8
3.06	7
3.07	12
3.08	17
3.09	11
3.1	4
3.11	9
3.12	5
3.13	6
3.14	10
3.15	7
3.16	9
3.17	13
3.18	7
3.19	11
3.2	11
3.21	15
3.22	1
3.23	7
3.24	11
3.25	9
3.26	8
3.27	6
3.28	10
3.29	13
3.3	5
3.31	9
3.32	6
3.33	13
3.34	6
3.35	11
3.36	11
3.37	8
3.38	3
3.39	6
3.4	4
3.41	8
3.42	5
3.43	4
3.44	8
3.45	8
3.46	8
3.47	5
3.48	10
3.49	6
3.5	13
3.51	7
3.52	3
3.53	6
3.54	5
3.55	4
3.56	10
3.57	7
3.58	11
3.59	10
3.6	18
3.61	7
3.62	7
3.63	9
3.64	6
3.65	6
3.66	6
3.67	7
3.68	6
3.69	5
3.7	9
3.71	5
3.72	5
3.73	5
3.74	7
3.75	2
3.76	5
3.77	7
3.78	6
3.79	6
3.8	4
3.81	4
3.82	5
3.83	6
3.84	4
3.85	12
3.86	5
3.87	11
3.88	10
3.89	2
3.9	9
3.91	9
3.92	8
3.93	9
3.94	5
3.95	6
3.96	2
3.97	7
3.98	2
3.99	4
4.0	9
4.01	6
4.02	6
4.03	2
4.04	3
4.05	8
4.06	4
4.07	11
4.08	6
4.09	5
4.11	8
4.12	10
4.13	4
4.14	4
4.15	7
4.16	4
4.17	11
4.18	4
4.19	7
4.2	4
4.21	8
4.22	2
4.23	5
4.24	4
4.25	4
4.26	8
4.27	5
4.28	1
4.29	4
4.3	4
4.31	5
4.32	9
4.33	6
4.34	3
4.35	6
4.36	5
4.37	3
4.38	4
4.39	3
4.4	4
4.41	5
4.42	1
4.43	4
4.44	7
4.45	4
4.46	3
4.47	3
4.48	8
4.49	9
4.5	6
4.51	5
4.52	6
4.53	3
4.54	2
4.55	11
4.56	2
4.57	3
4.58	4
4.59	5
4.6	7
4.61	5
4.62	3
4.63	1
4.64	3
4.65	2
4.66	3
4.67	7
4.68	5
4.69	3
4.7	3
4.71	5
4.72	4
4.73	3
4.74	3
4.75	5
4.76	6
4.77	1
4.78	3
4.79	5
4.8	3
4.81	5
4.82	4
4.83	3
4.84	3
4.85	7
4.86	4
4.87	2
4.88	5
4.89	5
4.9	5
4.91	2
4.92	2
4.93	5
4.94	5
4.95	2
4.96	2
4.97	4
4.98	3
4.99	2
5.0	3
5.01	2
5.02	2
5.03	3
5.04	2
5.05	1
5.06	3
5.07	3
5.08	6
5.09	1
5.1	3
5.11	4
5.12	4
5.13	1
5.14	5
5.15	1
5.16	2
5.17	5
5.18	1
5.19	3
5.2	2
5.21	3
5.22	1
5.23	3
5.24	2
5.26	7
5.27	1
5.28	1
5.29	2
5.3	1
5.31	2
5.32	2
5.33	4
5.34	6
5.35	2
5.37	3
5.38	4
5.39	4
5.41	4
5.42	5
5.43	5
5.44	2
5.45	3
5.47	2
5.49	3
5.5	3
5.51	5
5.52	3
5.53	2
5.54	2
5.56	9
5.57	2
5.59	3
5.6	1
5.63	3
5.64	1
5.65	4
5.66	2
5.67	3
5.68	1
5.69	2
5.71	3
5.73	4
5.74	2
5.75	2
5.76	4
5.78	6
5.79	4
5.81	2
5.82	1
5.83	3
5.85	3
5.86	1
5.87	1
5.88	5
5.89	1
5.9	3
5.91	1
5.92	3
5.93	2
5.94	1
5.95	2
5.96	3
5.97	2
5.99	1
6.0	2
6.01	2
6.02	2
6.03	2
6.05	3
6.06	3
6.07	1
6.09	1
6.11	1
6.12	4
6.13	2
6.14	3
6.15	1
6.16	1
6.17	1
6.18	1
6.19	2
6.2	2
6.23	2
6.24	1
6.25	2
6.27	1
6.28	2
6.29	3
6.31	3
6.32	2
6.33	3
6.35	3
6.37	6
6.4	3
6.41	1
6.42	2
6.43	2
6.44	1
6.45	1
6.46	1
6.47	2
6.5	4
6.51	1
6.52	1
6.53	1
6.54	2
6.55	2
6.56	2
6.57	3
6.58	5
6.59	1
6.62	3
6.65	1
6.67	5
6.68	2
6.69	1
6.7	3
6.71	1
6.72	1
6.75	2
6.76	1
6.77	1
6.78	1
6.79	1
6.8	1
6.82	5
6.83	3
6.84	1
6.85	1
6.86	1
6.88	1
6.89	1
6.9	1
6.92	1
6.95	1
6.96	1
6.97	2
6.98	4
6.99	1
7.0	2
7.04	2
7.07	2
7.08	1
7.09	2
7.1	1
7.11	1
7.13	1
7.14	2
7.16	1
7.22	1
7.24	2
7.26	1
7.29	3
7.32	2
7.34	1
7.35	2
7.38	1
7.39	1
7.4	1
7.41	3
7.43	1
7.45	3
7.47	1
7.48	1
7.5	1
7.52	1
7.53	1
7.54	2
7.55	2
7.58	1
7.62	1
7.63	1
7.66	1
7.69	2
7.72	2
7.73	2
7.76	1
7.77	2
7.78	2
7.8	1
7.81	1
7.82	1
7.85	1
7.87	1
7.92	1
7.94	1
8.0	1
8.02	1
8.05	2
8.06	2
8.08	2
8.09	2
8.1	1
8.14	1
8.17	1
8.18	1
8.24	2
8.25	1
8.26	1
8.33	1
8.45	1
8.47	1
8.51	2
8.54	1
8.56	2
8.59	1
8.7	2
8.71	1
8.75	1
8.76	1
8.78	1
8.8	2
8.82	1
8.86	1
8.89	1
8.93	1
8.96	2
8.98	1
8.99	2
9.01	1
9.02	1
9.05	1
9.06	1
9.09	1
9.12	1
9.15	1
9.17	1
9.22	2
9.3	1
9.31	1
9.36	1
9.4	1
9.41	1
9.47	1
9.7	1
9.73	1
9.78	1
9.79	1
9.82	1
9.87	2
9.91	1
10.12	1
10.17	1
10.18	1
10.19	1
10.26	1
10.27	1
10.29	1
10.31	2
10.39	1
10.41	1
10.48	1
10.58	1
10.69	1
10.7	1
10.75	1
11.47	1
11.48	1
11.56	1
11.79	1
12.36	1
12.37	1
12.39	1
13.1	1
14.07	1
