0.0	1109
0.06	2
0.07	2
0.08	3
0.1	3
0.16	2
0.18	1
0.19	1
0.21	1
0.22	2
0.23	2
0.24	2
0.25	2
0.27	3
0.28	3
0.29	3
0.3	6
0.31	3
0.32	4
0.33	3
0.34	9
0.35	8
0.36	9
0.37	12
0.38	10
0.39	7
0.4	6
0.41	9
0.42	4
0.43	15
0.44	16
0.45	15
0.46	14
0.47	13
0.48	14
0.49	19
0.5	15
0.51	22
0.52	29
0.53	23
0.54	11
0.55	17
0.56	39
0.57	19
0.58	27
0.59	25
0.6	29
0.61	27
0.62	23
0.63	36
0.64	26
0.65	34
0.66	26
0.67	28
0.68	35
0.69	30
0.7	31
0.71	36
0.72	22
0.73	23
0.74	44
0.75	38
0.76	43
0.77	26
0.78	31
0.79	42
0.8	26
0.81	47
0.82	33
0.83	42
0.84	37
0.85	44
0.86	36
0.87	36
0.88	65
0.89	33
0.9	37
0.91	37
0.92	38
0.93	51
0.94	26
0.95	45
0.96	44
0.97	30
0.98	47
0.99	38
1.0	37
1.01	47
1.02	50
1.03	40
1.04	48
1.05	44
1.06	42
1.07	28
1.08	50
1.09	50
1.1	47
1.11	47
1.12	49
1.13	32
1.14	62
1.15	49
1.16	58
1.17	41
1.18	63
1.19	46
1.2	67
1.21	46
1.22	55
1.23	75
1.24	39
1.25	56
1.26	53
1.27	96
1.28	59
1.29	56
1.3	61
1.31	43
1.32	94
1.33	80
1.34	49
1.35	59
1.36	55
1.37	86
1.38	67
1.39	87
1.4	69
1.41	96
1.42	76
1.43	97
1.44	79
1.45	76
1.46	75
1.47	85
1.48	65
1.49	82
1.5	67
1.51	43
1.52	118
1.53	83
1.54	97
1.55	80
1.56	88
1.57	74
1.58	61
1.59	108
1.6	99
1.61	100
1.62	80
1.63	93
1.64	96
1.65	85
1.66	54
1.67	97
1.68	95
1.69	138
1.7	58
1.71	93
1.72	104
1.73	72
1.74	96
1.75	130
1.76	74
1.77	78
1.78	77
1.79	121
1.8	89
1.81	71
1.82	125
1.83	109
1.84	73
1.85	124
1.86	65
1.87	85
1.88	77
1.89	111
1.9	109
1.91	85
1.92	127
1.93	74
1.94	111
1.95	117
1.96	125
1.97	87
1.98	116
1.99	100
2.0	115
2.01	120
2.02	103
2.03	95
2.04	136
2.05	118
2.06	106
2.07	93
2.08	169
2.09	90
2.1	78
2.11	137
2.12	89
2.13	139
2.14	119
2.15	92
2.16	133
2.17	149
2.18	80
2.19	119
2.2	113
2.21	123
2.22	150
2.23	103
2.24	121
2.25	124
2.26	106
2.27	156
2.28	90
2.29	129
2.3	144
2.31	142
2.32	64
2.33	167
2.34	123
2.35	132
2.36	127
2.37	141
2.38	155
2.39	88
2.4	146
2.41	123
2.42	147
2.43	117
2.44	170
2.45	143
2.46	144
2.47	129
2.48	153
2.49	103
2.5	175
2.51	117
2.52	160
2.53	153
2.54	139
2.55	135
2.56	210
2.57	93
2.58	144
2.59	156
2.6	158
2.61	178
2.62	119
2.63	190
2.64	120
2.65	196
2.66	114
2.67	173
2.68	173
2.69	131
2.7	223
2.71	115
2.72	156
2.73	170
2.74	172
2.75	167
2.76	153
2.77	95
2.78	225
2.79	143
2.8	206
2.81	112
2.82	206
2.83	163
2.84	210
2.85	127
2.86	259
2.87	171
2.88	217
2.89	151
2.9	221
2.91	183
2.92	188
2.93	150
2.94	276
2.95	138
2.96	211
2.97	189
2.98	124
2.99	245
3.0	180
3.01	206
3.02	179
3.03	254
3.04	144
3.05	209
3.06	183
3.07	191
3.08	222
3.09	202
3.1	193
3.11	199
3.12	86
3.13	341
3.14	194
3.15	161
3.16	241
3.17	251
3.18	178
3.19	196
3.2	188
3.21	238
3.22	118
3.23	331
3.24	213
3.25	211
3.26	182
3.27	203
3.28	217
3.29	209
3.3	212
3.31	252
3.32	172
3.33	350
3.34	132
3.35	184
3.36	232
3.37	227
3.38	222
3.39	219
3.4	234
3.41	223
3.42	239
3.43	212
3.44	181
3.45	314
3.46	189
3.47	262
3.48	219
3.49	246
3.5	227
3.51	265
3.52	252
3.53	236
3.54	219
3.55	269
3.56	201
3.57	328
3.58	173
3.59	243
3.6	268
3.61	316
3.62	252
3.63	182
3.64	293
3.65	267
3.66	251
3.67	187
3.68	266
3.69	257
3.7	387
3.71	140
3.72	245
3.73	259
3.74	234
3.75	250
3.76	256
3.77	315
3.78	235
3.79	280
3.8	306
3.81	281
3.82	272
3.83	297
3.84	121
3.85	427
3.86	252
3.87	256
3.88	299
3.89	217
3.9	314
3.91	265
3.92	313
3.93	238
3.94	302
3.95	332
3.96	260
3.97	276
3.98	308
3.99	239
4.0	384
4.01	230
4.02	280
4.03	285
4.04	319
4.05	300
4.06	230
4.07	313
4.08	329
4.09	276
4.1	269
4.11	288
4.12	311
4.13	254
4.14	299
4.15	294
4.16	177
4.17	476
4.18	239
4.19	310
4.2	353
4.21	317
4.22	269
4.23	346
4.24	290
4.25	201
4.26	395
4.27	293
4.28	280
4.29	374
4.3	277
4.31	270
4.32	328
4.33	306
4.34	197
4.35	415
4.36	254
4.37	315
4.38	333
4.39	271
4.4	305
4.41	323
4.42	357
4.43	285
4.44	413
4.45	221
4.46	312
4.47	273
4.48	340
4.49	356
4.5	315
4.51	294
4.52	363
4.53	256
4.54	130
4.55	501
4.56	275
4.57	323
4.58	342
4.59	283
4.6	333
4.61	311
4.62	433
4.63	264
4.64	361
4.65	346
4.66	284
4.67	349
4.68	306
4.69	337
4.7	275
4.71	379
4.72	367
4.73	307
4.74	294
4.75	238
4.76	526
4.77	223
4.78	309
4.79	372
4.8	312
4.81	359
4.82	332
4.83	297
4.84	347
4.85	366
4.86	281
4.87	265
4.88	373
4.89	264
4.9	370
4.91	294
4.92	318
4.93	355
4.94	345
4.95	391
4.96	377
4.97	308
4.98	331
4.99	273
5.0	534
5.01	242
5.02	299
5.03	373
5.04	342
5.05	348
5.06	362
5.07	328
5.08	421
5.09	239
5.1	347
5.11	376
5.12	303
5.13	410
5.14	311
5.15	386
5.16	302
5.17	337
5.18	281
5.19	411
5.2	278
5.21	314
5.22	320
5.23	355
5.24	304
5.25	266
5.26	611
5.27	160
5.28	284
5.29	322
5.3	324
5.31	339
5.32	297
5.33	374
5.34	275
5.35	294
5.36	376
5.37	297
5.38	382
5.39	318
5.4	230
5.41	441
5.42	310
5.43	354
5.44	294
5.45	413
5.46	301
5.47	345
5.48	330
5.49	408
5.5	340
5.51	292
5.52	363
5.53	267
5.54	317
5.55	95
5.56	627
5.57	292
5.58	306
5.59	352
5.6	314
5.61	325
5.62	288
5.63	407
5.64	246
5.65	362
5.66	346
5.67	325
5.68	305
5.69	321
5.7	330
5.71	483
5.72	215
5.73	343
5.74	319
5.75	288
5.76	351
5.77	314
5.78	290
5.79	348
5.8	364
5.81	382
5.82	236
5.83	349
5.84	347
5.85	319
5.86	268
5.87	251
5.88	647
5.89	157
5.9	301
5.91	321
5.92	317
5.93	327
5.94	290
5.95	292
5.96	296
5.97	353
5.98	306
5.99	295
6.0	329
6.01	267
6.02	377
6.03	294
6.04	307
6.05	287
6.06	360
6.07	273
6.08	302
6.09	310
6.1	335
6.11	329
6.12	362
6.13	310
6.14	272
6.15	369
6.16	289
6.17	321
6.18	259
6.19	385
6.2	289
6.21	337
6.22	283
6.23	272
6.24	172
6.25	588
6.26	196
6.27	319
6.28	304
6.29	327
6.3	286
6.31	266
6.32	300
6.33	292
6.34	310
6.35	313
6.36	281
6.37	299
6.38	353
6.39	234
6.4	301
6.41	304
6.42	287
6.43	308
6.44	330
6.45	347
6.46	235
6.47	336
6.48	258
6.49	335
6.5	269
6.51	265
6.52	320
6.53	255
6.54	274
6.55	275
6.56	308
6.57	287
6.58	323
6.59	302
6.6	303
6.61	303
6.62	279
6.63	308
6.64	275
6.65	242
6.66	95
6.67	561
6.68	234
6.69	257
6.7	274
6.71	266
6.72	285
6.73	272
6.74	279
6.75	249
6.76	325
6.77	245
6.78	269
6.79	252
6.8	302
6.81	248
6.82	291
6.83	269
6.84	256
6.85	308
6.86	231
6.87	262
6.88	289
6.89	162
6.9	342
6.91	268
6.92	272
6.93	255
6.94	336
6.95	225
6.96	280
6.97	208
6.98	299
6.99	272
7.0	271
7.01	244
7.02	274
7.03	255
7.04	272
7.05	232
7.06	248
7.07	283
7.08	237
7.09	293
7.1	258
7.11	245
7.12	230
7.13	192
7.14	601
7.15	73
7.16	204
7.17	248
7.18	249
7.19	287
7.2	245
7.21	245
7.22	285
7.23	229
7.24	218
7.25	271
7.26	266
7.27	260
7.28	237
7.29	235
7.3	233
7.31	196
7.32	250
7.33	257
7.34	275
7.35	250
7.36	203
7.37	232
7.38	258
7.39	209
7.4	150
7.41	319
7.42	217
7.43	249
7.44	214
7.45	226
7.46	238
7.47	195
7.48	221
7.49	215
7.5	238
7.51	221
7.52	198
7.53	191
7.54	180
7.55	235
7.56	223
7.57	170
7.58	241
7.59	265
7.6	168
7.61	185
7.62	221
7.63	212
7.64	237
7.65	222
7.66	186
7.67	190
7.68	145
7.69	499
7.7	63
7.71	175
7.72	179
7.73	243
7.74	219
7.75	217
7.76	220
7.77	233
7.78	206
7.79	199
7.8	237
7.81	225
7.82	175
7.83	211
7.84	219
7.85	164
7.86	183
7.87	241
7.88	202
7.89	305
7.9	113
7.91	216
7.92	185
7.93	178
7.94	211
7.95	212
7.96	180
7.97	166
7.98	216
7.99	131
8.0	264
8.01	120
8.02	183
8.03	205
8.04	209
8.05	198
8.06	236
8.07	139
8.08	169
8.09	178
8.1	153
8.11	231
8.12	154
8.13	204
8.14	181
8.15	185
8.16	188
8.17	131
8.18	198
8.19	159
8.2	191
8.21	193
8.22	178
8.23	142
8.24	220
8.25	179
8.26	192
8.27	181
8.28	199
8.29	187
8.3	175
8.31	149
8.32	102
8.33	500
8.34	46
8.35	116
8.36	147
8.37	156
8.38	159
8.39	167
8.4	163
8.41	137
8.42	176
8.43	207
8.44	166
8.45	197
8.46	156
8.47	215
8.48	141
8.49	137
8.5	155
8.51	187
8.52	158
8.53	162
8.54	181
8.55	154
8.56	130
8.57	169
8.58	126
8.59	168
8.6	143
8.61	149
8.62	169
8.63	156
8.64	154
8.65	152
8.66	163
8.67	167
8.68	137
8.69	75
8.7	300
8.71	128
8.72	163
8.73	144
8.74	146
8.75	145
8.76	171
8.77	146
8.78	142
8.79	141
8.8	156
8.81	154
8.82	184
8.83	104
8.84	167
8.85	140
8.86	129
8.87	138
8.88	152
8.89	161
8.9	134
8.91	131
8.92	122
8.93	128
8.94	127
8.95	116
8.96	173
8.97	183
8.98	121
8.99	152
9.0	128
9.01	112
9.02	134
9.03	149
9.04	128
9.05	106
9.06	132
9.07	98
9.08	45
9.09	428
9.1	42
9.11	92
9.12	106
9.13	141
9.14	112
9.15	169
9.16	138
9.17	154
9.18	129
9.19	106
9.2	129
9.21	140
9.22	113
9.23	140
9.24	127
9.25	119
9.26	126
9.27	117
9.28	98
9.29	144
9.3	142
9.31	105
9.32	124
9.33	141
9.34	106
9.35	143
9.36	118
9.37	51
9.38	197
9.39	113
9.4	108
9.41	125
9.42	119
9.43	122
9.44	75
9.45	137
9.46	110
9.47	129
9.48	96
9.49	132
9.5	100
9.51	94
9.52	205
9.53	45
9.54	92
9.55	95
9.56	80
9.57	112
9.58	95
9.59	103
9.6	109
9.61	70
9.62	128
9.63	111
9.64	108
9.65	84
9.66	112
9.67	70
9.68	166
9.69	94
9.7	106
9.71	101
9.72	112
9.73	120
9.74	86
9.75	74
9.76	131
9.77	103
9.78	97
9.79	104
9.8	113
9.81	79
9.82	98
9.83	77
9.84	114
9.85	91
9.86	104
9.87	98
9.88	107
9.89	82
9.9	90
9.91	92
9.92	105
9.93	95
9.94	109
9.95	100
9.96	79
9.97	73
9.98	62
9.99	16
10.0	323
10.01	17
10.02	46
10.03	67
10.04	73
10.05	94
10.06	97
10.07	85
10.08	108
10.09	75
10.1	82
10.11	84
10.12	81
10.13	95
10.14	118
10.15	63
10.16	77
10.17	93
10.18	78
10.19	79
10.2	102
10.21	45
10.22	82
10.23	82
10.24	95
10.25	50
10.26	93
10.27	69
10.28	70
10.29	85
10.3	65
10.31	67
10.32	63
10.33	64
10.34	120
10.35	29
10.36	63
10.37	64
10.38	84
10.39	72
10.4	85
10.41	59
10.42	93
10.43	72
10.44	44
10.45	96
10.46	47
10.47	74
10.48	71
10.49	73
10.5	66
10.51	61
10.52	26
10.53	168
10.54	50
10.55	56
10.56	73
10.57	67
10.58	60
10.59	60
10.6	55
10.61	77
10.62	56
10.63	64
10.64	98
10.65	50
10.66	56
10.67	75
10.68	64
10.69	64
10.7	60
10.71	121
10.72	21
10.73	57
10.74	71
10.75	58
10.76	43
10.77	60
10.78	62
10.79	56
10.8	50
10.81	62
10.82	45
10.83	67
10.84	84
10.85	45
10.86	44
10.87	73
10.88	69
10.89	49
10.9	42
10.91	78
10.92	63
10.93	54
10.94	56
10.95	59
10.96	61
10.97	44
10.98	75
10.99	63
11.0	49
11.01	42
11.02	41
11.03	69
11.04	41
11.05	51
11.06	40
11.07	40
11.08	41
11.09	23
11.1	8
11.11	249
11.12	10
11.13	18
11.14	30
11.15	52
11.16	48
11.17	56
11.18	63
11.19	55
11.2	43
11.21	58
11.22	40
11.23	34
11.24	61
11.25	45
11.26	41
11.27	78
11.28	54
11.29	55
11.3	47
11.31	45
11.32	61
11.33	54
11.34	48
11.35	51
11.36	82
11.37	35
11.38	44
11.39	51
11.4	48
11.41	55
11.42	21
11.43	60
11.44	39
11.45	43
11.46	61
11.47	14
11.48	65
11.49	50
11.5	34
11.51	37
11.52	42
11.53	25
11.54	76
11.55	33
11.56	46
11.57	41
11.58	30
11.59	62
11.6	32
11.61	36
11.62	31
11.63	37
11.64	43
11.65	31
11.66	39
11.67	40
11.68	50
11.69	43
11.7	51
11.71	31
11.72	40
11.73	34
11.74	20
11.75	26
11.76	102
11.77	4
11.78	20
11.79	36
11.8	42
11.81	34
11.82	26
11.83	39
11.84	53
11.85	38
11.86	46
11.87	23
11.88	47
11.89	41
11.9	51
11.91	19
11.92	37
11.93	36
11.94	30
11.95	22
11.96	20
11.97	48
11.98	32
11.99	26
12.0	80
12.01	27
12.02	31
12.03	38
12.04	34
12.05	34
12.06	23
12.07	37
12.08	34
12.09	32
12.1	27
12.11	32
12.12	46
12.13	31
12.14	35
12.15	32
12.16	34
12.17	27
12.18	23
12.19	18
12.2	63
12.21	35
12.22	46
12.23	39
12.24	45
12.25	16
12.26	42
12.27	27
12.28	28
12.29	28
12.3	36
12.31	42
12.32	32
12.33	31
12.34	27
12.35	38
12.36	16
12.37	26
12.38	22
12.39	26
12.4	28
12.41	39
12.42	26
12.43	24
12.44	27
12.45	22
12.46	29
12.47	16
12.48	4
12.5	143
12.51	3
12.52	6
12.53	14
12.54	17
12.55	22
12.56	21
12.57	25
12.58	27
12.59	36
12.6	19
12.61	19
12.62	15
12.63	22
12.64	25
12.65	12
12.66	28
12.67	23
12.68	28
12.69	25
12.7	24
12.71	19
12.72	17
12.73	28
12.74	16
12.75	28
12.76	9
12.77	35
12.78	17
12.79	22
12.8	17
12.81	12
12.82	29
12.83	17
12.84	33
12.85	14
12.86	24
12.87	23
12.88	22
12.89	14
12.9	32
12.91	10
12.92	25
12.93	21
12.94	18
12.95	31
12.96	19
12.97	15
12.98	25
12.99	21
13.0	16
13.01	18
13.02	9
13.03	7
13.04	38
13.05	4
13.06	10
13.07	20
13.08	19
13.09	9
13.1	23
13.11	22
13.12	8
13.13	14
13.14	17
13.15	9
13.16	23
13.17	14
13.18	14
13.19	19
13.2	12
13.21	15
13.22	21
13.23	11
13.24	21
13.25	17
13.26	7
13.27	21
13.28	19
13.29	22
13.3	11
13.31	10
13.32	9
13.33	56
13.34	1
13.35	7
13.36	23
13.37	19
13.38	13
13.39	17
13.4	14
13.41	9
13.42	19
13.43	19
13.44	7
13.45	13
13.46	18
13.47	11
13.48	18
13.49	9
13.5	10
13.51	25
13.52	6
13.53	13
13.54	17
13.55	17
13.56	13
13.57	11
13.58	20
13.59	12
13.6	7
13.61	17
13.62	13
13.64	30
13.65	7
13.66	14
13.67	9
13.68	23
13.69	6
13.7	12
13.71	19
13.72	3
13.73	13
13.74	15
13.75	12
13.76	11
13.77	16
13.78	7
13.79	27
13.8	6
13.81	9
13.82	14
13.83	13
13.84	8
13.85	11
13.86	13
13.87	12
13.88	4
13.89	20
13.9	14
13.91	13
13.92	8
13.93	4
13.94	7
13.95	15
13.96	7
13.97	6
13.98	5
13.99	13
14.0	13
14.01	11
14.02	12
14.03	6
14.04	15
14.05	11
14.06	12
14.07	5
14.08	14
14.09	8
14.1	9
14.11	8
14.12	7
14.13	11
14.14	10
14.15	6
14.16	14
14.17	9
14.18	19
14.19	15
14.2	5
14.21	6
14.22	7
14.23	7
14.24	6
14.25	3
14.26	2
14.27	2
14.28	1
14.29	58
14.3	2
14.31	3
14.32	1
14.33	4
14.34	8
14.35	4
14.36	4
14.37	2
14.38	14
14.39	12
14.4	8
14.41	9
14.42	5
14.43	10
14.44	4
14.45	6
14.46	13
14.47	12
14.48	6
14.49	13
14.5	12
14.51	6
14.52	5
14.53	9
14.54	3
14.55	13
14.56	6
14.57	7
14.58	7
14.59	4
14.6	6
14.61	6
14.62	20
14.63	9
14.64	4
14.65	7
14.66	6
14.67	9
14.68	5
14.69	5
14.7	3
14.71	7
14.72	4
14.73	7
14.74	6
14.75	7
14.76	4
14.77	9
14.78	5
14.79	4
14.8	5
14.81	12
14.82	4
14.83	5
14.84	7
14.85	6
14.86	12
14.87	2
14.88	9
14.89	8
14.9	4
14.91	5
14.92	5
14.93	7
14.94	8
14.95	3
14.96	5
14.97	5
14.98	5
14.99	2
15.0	17
15.01	2
15.02	2
15.03	4
15.04	4
15.05	4
15.06	5
15.07	7
15.08	6
15.09	10
15.1	4
15.11	4
15.12	3
15.13	4
15.14	3
15.15	3
15.16	4
15.17	2
15.18	4
15.19	10
15.2	4
15.21	2
15.22	2
15.23	6
15.24	7
15.25	5
15.26	2
15.27	4
15.28	3
15.29	9
15.3	2
15.31	5
15.32	1
15.33	7
15.34	5
15.35	1
15.36	2
15.38	17
15.39	1
15.41	2
15.42	1
15.43	5
15.44	3
15.45	4
15.46	3
15.48	8
15.49	3
15.5	4
15.51	2
15.52	2
15.53	9
15.54	3
15.56	7
15.57	4
15.58	7
15.59	2
15.6	4
15.61	2
15.62	1
15.63	8
15.65	7
15.66	1
15.67	2
15.68	1
15.69	4
15.7	5
15.71	6
15.72	3
15.73	1
15.74	6
15.75	4
15.76	1
15.77	3
15.79	9
15.83	2
15.84	3
15.85	2
15.86	2
15.87	2
15.88	3
15.89	5
15.9	1
15.91	3
15.92	1
15.93	3
15.94	6
15.95	3
15.96	1
15.97	1
15.98	3
15.99	2
16.0	9
16.01	1
16.03	2
16.05	5
16.06	4
16.07	2
16.08	1
16.09	3
16.1	2
16.11	2
16.13	4
16.14	2
16.16	3
16.17	3
16.18	3
16.19	2
16.2	5
16.22	2
16.23	2
16.24	2
16.25	1
16.26	2
16.28	6
16.29	1
16.3	7
16.31	1
16.32	3
16.33	6
16.34	4
16.35	1
16.36	7
16.38	1
16.39	3
16.41	1
16.42	2
16.43	4
16.44	2
16.45	1
16.46	1
16.47	2
16.48	1
16.49	2
16.5	1
16.51	1
16.52	1
16.53	2
16.54	2
16.55	7
16.56	2
16.57	2
16.58	2
16.59	1
16.6	2
16.61	2
16.64	1
16.67	25
16.69	1
16.71	1
16.74	1
16.76	1
16.78	2
16.79	4
16.81	2
16.84	2
16.86	1
16.87	2
16.88	3
16.89	1
16.9	5
16.91	1
16.92	2
16.93	1
16.95	6
16.97	1
16.99	4
17.0	2
17.01	4
17.02	2
17.04	3
17.05	2
17.06	2
17.09	2
17.11	3
17.12	6
17.13	1
17.14	4
17.15	1
17.16	2
17.2	2
17.21	1
17.23	1
17.24	2
17.26	1
17.27	2
17.28	1
17.29	4
17.31	1
17.32	1
17.33	4
17.34	1
17.35	1
17.36	1
17.37	1
17.38	1
17.39	4
17.41	1
17.42	2
17.44	2
17.45	3
17.47	1
17.48	1
17.5	1
17.52	2
17.53	1
17.56	3
17.57	1
17.6	1
17.61	1
17.65	7
17.69	3
17.71	1
17.72	4
17.73	1
17.74	1
17.76	2
17.78	4
17.8	1
17.81	2
17.82	2
17.86	4
17.88	2
17.91	1
17.95	1
17.96	2
18.06	3
18.1	1
18.11	1
18.12	2
18.18	2
18.23	1
18.24	1
18.25	1
18.26	1
18.27	1
18.29	2
18.31	1
18.32	1
18.37	2
18.38	1
18.44	2
18.45	2
18.46	4
18.48	3
18.49	1
18.52	1
18.55	1
18.58	2
18.6	1
18.63	1
18.68	1
18.7	1
18.71	2
18.72	1
18.75	3
18.84	1
18.87	2
18.88	1
18.9	1
19.05	1
19.15	1
19.17	2
19.18	1
19.25	1
19.29	1
19.3	1
19.33	1
19.48	5
19.54	1
19.57	1
19.61	1
19.65	1
19.67	1
19.78	1
19.83	1
19.94	1
20.0	5
20.11	1
20.18	1
20.26	1
20.27	1
20.31	1
20.37	1
20.38	1
20.41	1
20.45	1
20.48	1
20.51	1
20.56	1
20.59	1
20.62	1
20.69	1
20.7	1
20.73	1
20.74	1
20.87	1
20.88	1
20.93	2
21.02	1
21.05	1
21.24	1
21.26	1
21.28	1
21.3	1
21.31	1
21.38	1
21.55	2
22.22	1
22.39	2
22.44	1
23.01	1
23.08	1
23.26	1
23.53	2
23.64	1
23.72	1
23.81	1
23.89	1
24.05	1
24.2	1
24.43	1
24.59	1
24.84	1
25.29	1
25.42	1
25.86	1
26.32	1
26.83	1
27.27	1
27.4	1
28.0	1
