0.0	64317
0.01	2
0.02	16
0.03	19
0.04	54
0.05	60
0.06	157
0.07	271
0.08	256
0.09	291
0.1	409
0.11	587
0.12	718
0.13	761
0.14	707
0.15	839
0.16	958
0.17	940
0.18	1009
0.19	994
0.2	1114
0.21	1016
0.22	1211
0.23	1150
0.24	1165
0.25	1176
0.26	1222
0.27	1160
0.28	1118
0.29	1188
0.3	1160
0.31	1064
0.32	1136
0.33	1103
0.34	1142
0.35	1039
0.36	1060
0.37	907
0.38	999
0.39	1003
0.4	1059
0.41	1020
0.42	953
0.43	1068
0.44	1014
0.45	1075
0.46	979
0.47	1096
0.48	1009
0.49	948
0.5	999
0.51	1090
0.52	1057
0.53	1005
0.54	936
0.55	965
0.56	1063
0.57	955
0.58	996
0.59	908
0.6	1002
0.61	983
0.62	858
0.63	992
0.64	854
0.65	940
0.66	896
0.67	881
0.68	996
0.69	807
0.7	844
0.71	868
0.72	870
0.73	735
0.74	852
0.75	781
0.76	805
0.77	692
0.78	844
0.79	773
0.8	696
0.81	754
0.82	727
0.83	742
0.84	667
0.85	780
0.86	649
0.87	697
0.88	784
0.89	630
0.9	670
0.91	636
0.92	643
0.93	726
0.94	615
0.95	671
0.96	684
0.97	632
0.98	618
0.99	623
1.0	588
1.01	634
1.02	627
1.03	556
1.04	582
1.05	609
1.06	578
1.07	462
1.08	640
1.09	570
1.1	607
1.11	500
1.12	543
1.13	482
1.14	541
1.15	563
1.16	540
1.17	475
1.18	538
1.19	487
1.2	623
1.21	407
1.22	521
1.23	536
1.24	424
1.25	474
1.26	439
1.27	527
1.28	481
1.29	476
1.3	474
1.31	408
1.32	552
1.33	466
1.34	410
1.35	405
1.36	431
1.37	436
1.38	376
1.39	433
1.4	409
1.41	418
1.42	403
1.43	395
1.44	396
1.45	386
1.46	329
1.47	408
1.48	337
1.49	408
1.5	390
1.51	307
1.52	480
1.53	346
1.54	348
1.55	372
1.56	331
1.57	353
1.58	307
1.59	335
1.6	347
1.61	346
1.62	241
1.63	322
1.64	332
1.65	311
1.66	299
1.67	342
1.68	296
1.69	401
1.7	271
1.71	312
1.72	378
1.73	238
1.74	316
1.75	365
1.76	259
1.77	259
1.78	239
1.79	338
1.8	255
1.81	277
1.82	300
1.83	271
1.84	180
1.85	303
1.86	256
1.87	263
1.88	237
1.89	315
1.9	305
1.91	232
1.92	282
1.93	199
1.94	267
1.95	241
1.96	266
1.97	221
1.98	220
1.99	246
2.0	234
2.01	247
2.02	222
2.03	228
2.04	235
2.05	220
2.06	210
2.07	230
2.08	217
2.09	165
2.1	170
2.11	228
2.12	167
2.13	218
2.14	211
2.15	187
2.16	213
2.17	232
2.18	137
2.19	205
2.2	179
2.21	189
2.22	222
2.23	188
2.24	175
2.25	190
2.26	182
2.27	192
2.28	131
2.29	186
2.3	182
2.31	199
2.32	111
2.33	235
2.34	177
2.35	165
2.36	160
2.37	152
2.38	179
2.39	120
2.4	169
2.41	131
2.42	180
2.43	152
2.44	200
2.45	138
2.46	162
2.47	127
2.48	180
2.49	137
2.5	169
2.51	129
2.52	123
2.53	140
2.54	124
2.55	133
2.56	176
2.57	80
2.58	143
2.59	129
2.6	130
2.61	138
2.62	110
2.63	154
2.64	121
2.65	148
2.66	114
2.67	141
2.68	136
2.69	97
2.7	145
2.71	87
2.72	100
2.73	115
2.74	104
2.75	126
2.76	104
2.77	78
2.78	132
2.79	91
2.8	100
2.81	96
2.82	122
2.83	99
2.84	91
2.85	74
2.86	146
2.87	90
2.88	125
2.89	69
2.9	93
2.91	74
2.92	85
2.93	76
2.94	112
2.95	74
2.96	76
2.97	70
2.98	70
2.99	120
3.0	82
3.01	84
3.02	64
3.03	114
3.04	81
3.05	68
3.06	72
3.07	92
3.08	107
3.09	86
3.1	66
3.11	67
3.12	43
3.13	125
3.14	68
3.15	72
3.16	75
3.17	93
3.18	66
3.19	60
3.2	56
3.21	79
3.22	38
3.23	108
3.24	55
3.25	79
3.26	73
3.27	67
3.28	69
3.29	62
3.3	71
3.31	81
3.32	60
3.33	102
3.34	54
3.35	40
3.36	78
3.37	64
3.38	54
3.39	54
3.4	57
3.41	46
3.42	66
3.43	51
3.44	53
3.45	77
3.46	32
3.47	70
3.48	47
3.49	50
3.5	44
3.51	73
3.52	52
3.53	35
3.54	53
3.55	60
3.56	52
3.57	70
3.58	34
3.59	49
3.6	48
3.61	49
3.62	42
3.63	24
3.64	63
3.65	45
3.66	51
3.67	47
3.68	65
3.69	41
3.7	94
3.71	12
3.72	33
3.73	53
3.74	47
3.75	38
3.76	51
3.77	48
3.78	31
3.79	50
3.8	51
3.81	34
3.82	41
3.83	32
3.84	21
3.85	79
3.86	27
3.87	48
3.88	43
3.89	27
3.9	30
3.91	37
3.92	39
3.93	33
3.94	24
3.95	35
3.96	38
3.97	37
3.98	31
3.99	18
4.0	63
4.01	25
4.02	25
4.03	41
4.04	34
4.05	46
4.06	17
4.07	41
4.08	30
4.09	14
4.1	38
4.11	24
4.12	37
4.13	26
4.14	23
4.15	29
4.16	21
4.17	53
4.18	16
4.19	16
4.2	22
4.21	21
4.22	21
4.23	33
4.24	25
4.25	18
4.26	35
4.27	22
4.28	18
4.29	35
4.3	17
4.31	23
4.32	18
4.33	27
4.34	5
4.35	29
4.36	8
4.37	23
4.38	25
4.39	34
4.4	21
4.41	25
4.42	22
4.43	20
4.44	32
4.45	10
4.46	26
4.47	8
4.48	24
4.49	19
4.5	20
4.51	25
4.52	19
4.53	12
4.54	10
4.55	43
4.56	11
4.57	9
4.58	23
4.59	15
4.6	16
4.61	8
4.62	31
4.63	18
4.64	16
4.65	29
4.66	13
4.67	21
4.68	13
4.69	20
4.7	13
4.71	16
4.72	22
4.73	19
4.74	13
4.75	16
4.76	44
4.77	5
4.78	17
4.79	15
4.8	27
4.81	17
4.82	16
4.83	11
4.84	15
4.85	23
4.86	18
4.87	20
4.88	22
4.89	10
4.9	28
4.91	8
4.92	24
4.93	15
4.94	19
4.95	14
4.96	10
4.97	15
4.98	15
4.99	12
5.0	25
5.01	18
5.02	10
5.03	24
5.04	15
5.05	27
5.06	27
5.07	28
5.08	26
5.09	14
5.1	28
5.11	14
5.12	15
5.13	17
5.14	12
5.15	13
5.16	11
5.17	16
5.18	7
5.19	17
5.2	13
5.21	18
5.22	5
5.23	8
5.24	6
5.25	5
5.26	30
5.27	1
5.28	12
5.29	6
5.3	6
5.31	12
5.32	9
5.33	17
5.34	8
5.35	10
5.36	15
5.37	9
5.38	16
5.39	7
5.4	4
5.41	12
5.42	10
5.43	9
5.44	5
5.45	13
5.46	7
5.47	3
5.48	11
5.49	3
5.5	10
5.51	11
5.52	3
5.53	9
5.54	6
5.56	21
5.57	7
5.58	3
5.59	8
5.6	6
5.61	7
5.62	5
5.63	11
5.64	3
5.65	7
5.66	11
5.67	5
5.68	4
5.69	7
5.7	6
5.71	10
5.72	1
5.73	6
5.74	2
5.75	11
5.76	4
5.77	4
5.78	3
5.79	5
5.8	4
5.81	7
5.82	4
5.83	6
5.84	9
5.85	2
5.86	6
5.87	6
5.88	22
5.9	5
5.91	8
5.92	4
5.93	6
5.94	7
5.95	10
5.96	1
5.97	7
5.98	6
5.99	4
6.0	10
6.01	3
6.02	11
6.03	9
6.04	7
6.05	3
6.06	6
6.07	2
6.08	3
6.09	3
6.1	5
6.11	4
6.12	7
6.13	3
6.14	5
6.15	7
6.16	3
6.17	5
6.18	2
6.19	4
6.2	2
6.21	3
6.22	9
6.23	1
6.24	4
6.25	14
6.27	6
6.28	6
6.29	9
6.31	4
6.32	7
6.33	8
6.34	6
6.35	4
6.36	10
6.37	4
6.38	10
6.39	5
6.4	4
6.41	3
6.42	5
6.43	1
6.44	5
6.45	10
6.46	2
6.47	1
6.48	5
6.49	5
6.5	3
6.51	3
6.52	4
6.53	2
6.54	3
6.55	4
6.56	2
6.57	2
6.58	3
6.59	5
6.6	7
6.61	6
6.62	1
6.63	1
6.64	4
6.65	1
6.66	1
6.67	15
6.68	1
6.69	3
6.7	1
6.72	6
6.73	3
6.74	4
6.76	4
6.77	4
6.78	2
6.8	6
6.81	1
6.82	2
6.83	2
6.84	5
6.85	2
6.86	2
6.87	3
6.88	2
6.9	3
6.91	3
6.92	1
6.93	4
6.94	2
6.96	7
6.97	2
6.98	3
6.99	1
7.0	1
7.01	2
7.02	4
7.03	3
7.04	3
7.05	3
7.06	1
7.07	6
7.08	3
7.09	4
7.1	6
7.11	3
7.12	2
7.13	3
7.14	13
7.16	1
7.17	5
7.19	5
7.2	2
7.21	6
7.22	4
7.23	3
7.24	8
7.25	6
7.26	1
7.27	10
7.28	7
7.29	3
7.3	2
7.31	1
7.32	5
7.33	4
7.34	1
7.37	1
7.39	2
7.4	1
7.41	3
7.42	1
7.43	2
7.44	2
7.45	3
7.46	2
7.49	2
7.52	2
7.53	5
7.54	1
7.55	1
7.56	2
7.58	2
7.59	4
7.61	2
7.62	2
7.63	2
7.64	2
7.65	2
7.66	1
7.67	2
7.69	5
7.73	1
7.74	2
7.76	2
7.78	2
7.79	2
7.8	3
7.81	2
7.83	3
7.84	3
7.86	1
7.87	2
7.9	2
7.92	1
7.93	1
7.94	1
7.95	4
7.96	1
7.97	1
7.98	1
8.0	3
8.02	1
8.04	1
8.06	1
8.08	1
8.1	2
8.14	1
8.16	1
8.2	1
8.21	1
8.23	1
8.25	1
8.26	2
8.27	1
8.28	1
8.29	1
8.33	3
8.45	1
8.46	1
8.49	1
8.51	3
8.52	2
8.54	1
8.57	1
8.58	1
8.59	2
8.64	1
8.65	1
8.7	1
8.78	2
8.79	1
8.82	2
8.83	1
8.84	1
8.89	1
8.91	1
8.94	1
8.96	1
9.04	1
9.09	1
9.2	1
9.26	3
9.28	1
9.3	1
9.38	2
9.39	1
9.4	1
9.47	3
9.52	2
9.57	1
9.59	3
9.62	3
9.64	1
9.68	1
9.7	1
9.74	1
9.82	1
9.84	1
9.85	1
9.87	1
9.94	1
10.0	3
10.04	1
10.08	1
10.09	1
10.19	2
10.2	1
10.27	1
10.28	1
10.61	1
10.63	1
10.64	1
10.73	3
10.84	1
10.86	1
10.92	1
10.94	3
10.98	2
11.01	1
11.11	1
11.21	1
11.31	1
11.32	1
11.65	1
11.73	1
11.76	1
11.93	1
12.16	1
12.69	1
12.86	1
13.33	1
14.18	1
14.29	1
16.78	1
17.31	1
