-27.27	1
-26.83	1
-25.86	1
-24.59	1
-24.0	1
-23.08	1
-22.39	1
-22.22	1
-21.28	1
-21.24	1
-21.05	1
-20.69	1
-20.51	1
-20.49	1
-20.31	1
-20.27	1
-20.0	2
-19.83	1
-19.48	1
-19.33	1
-19.3	1
-19.29	1
-19.27	1
-19.25	1
-19.17	1
-18.87	2
-18.6	1
-18.56	1
-18.52	1
-18.46	1
-18.45	1
-18.37	1
-18.32	1
-18.25	1
-18.24	1
-18.12	1
-18.06	1
-17.88	1
-17.86	1
-17.76	1
-17.73	1
-17.65	2
-17.57	1
-17.54	1
-17.5	2
-17.45	1
-17.42	1
-17.38	1
-17.2	1
-17.09	1
-17.07	1
-17.05	1
-17.02	1
-16.99	1
-16.97	1
-16.95	1
-16.84	1
-16.79	2
-16.67	3
-16.54	1
-16.48	1
-16.44	1
-16.43	1
-16.38	1
-16.36	4
-16.34	1
-16.33	2
-16.3	1
-16.28	3
-16.22	2
-16.1	1
-16.03	2
-16.02	1
-16.0	2
-15.96	1
-15.89	1
-15.83	1
-15.82	1
-15.75	3
-15.67	1
-15.65	1
-15.63	2
-15.6	1
-15.58	2
-15.56	2
-15.54	1
-15.53	1
-15.49	1
-15.43	1
-15.38	1
-15.34	2
-15.32	3
-15.3	1
-15.29	1
-15.28	1
-15.24	1
-15.22	1
-15.19	2
-15.17	1
-15.14	1
-15.13	1
-15.11	1
-15.07	1
-15.04	1
-15.03	2
-15.0	4
-14.98	1
-14.94	3
-14.93	1
-14.89	2
-14.88	2
-14.87	1
-14.86	1
-14.84	1
-14.83	1
-14.81	1
-14.8	1
-14.79	1
-14.77	4
-14.75	3
-14.74	1
-14.72	1
-14.71	2
-14.69	1
-14.67	3
-14.66	1
-14.65	2
-14.61	1
-14.57	1
-14.56	2
-14.55	1
-14.54	1
-14.53	3
-14.52	1
-14.49	3
-14.47	4
-14.46	2
-14.43	2
-14.4	2
-14.39	1
-14.38	4
-14.37	1
-14.36	2
-14.32	2
-14.29	10
-14.22	2
-14.21	1
-14.2	1
-14.18	2
-14.13	3
-14.1	2
-14.09	2
-14.08	2
-14.07	1
-14.06	1
-14.05	3
-14.04	2
-14.03	2
-14.02	1
-14.01	2
-14.0	3
-13.99	1
-13.97	2
-13.96	1
-13.95	4
-13.94	1
-13.93	1
-13.92	1
-13.91	1
-13.9	2
-13.89	3
-13.88	2
-13.87	3
-13.86	2
-13.85	2
-13.84	1
-13.83	1
-13.82	1
-13.79	3
-13.78	1
-13.77	2
-13.76	1
-13.75	2
-13.74	2
-13.71	3
-13.7	2
-13.68	5
-13.67	2
-13.66	2
-13.64	6
-13.61	2
-13.6	1
-13.59	1
-13.58	4
-13.57	1
-13.56	2
-13.55	2
-13.54	2
-13.53	2
-13.51	2
-13.5	2
-13.49	1
-13.48	1
-13.47	1
-13.46	7
-13.45	1
-13.44	1
-13.42	2
-13.41	3
-13.4	3
-13.39	4
-13.38	2
-13.37	1
-13.33	13
-13.29	1
-13.28	3
-13.27	1
-13.26	4
-13.25	2
-13.24	1
-13.22	3
-13.21	2
-13.2	1
-13.19	4
-13.17	1
-13.16	7
-13.15	4
-13.14	2
-13.13	1
-13.12	1
-13.11	2
-13.1	2
-13.08	4
-13.07	4
-13.06	1
-13.04	9
-13.03	1
-13.02	1
-13.01	5
-13.0	2
-12.99	4
-12.98	4
-12.96	3
-12.95	5
-12.94	1
-12.93	6
-12.91	1
-12.9	11
-12.88	2
-12.87	2
-12.86	13
-12.85	2
-12.84	4
-12.83	1
-12.82	9
-12.81	3
-12.8	5
-12.79	4
-12.78	1
-12.77	9
-12.75	4
-12.74	3
-12.73	4
-12.72	2
-12.71	2
-12.7	8
-12.69	5
-12.68	4
-12.67	1
-12.66	4
-12.65	1
-12.64	3
-12.63	1
-12.62	2
-12.61	3
-12.6	2
-12.59	11
-12.58	1
-12.57	4
-12.56	3
-12.55	3
-12.54	2
-12.53	1
-12.5	21
-12.48	1
-12.46	4
-12.45	1
-12.44	6
-12.42	4
-12.41	5
-12.4	2
-12.39	2
-12.38	4
-12.37	1
-12.36	4
-12.35	3
-12.34	4
-12.33	7
-12.32	4
-12.31	5
-12.3	2
-12.28	8
-12.27	5
-12.26	5
-12.25	3
-12.24	10
-12.23	8
-12.22	4
-12.21	4
-12.2	10
-12.19	2
-12.18	1
-12.16	3
-12.15	3
-12.14	5
-12.13	1
-12.12	8
-12.11	2
-12.1	4
-12.09	4
-12.08	6
-12.07	6
-12.06	1
-12.05	8
-12.04	4
-12.03	4
-12.02	8
-12.01	3
-12.0	10
-11.99	1
-11.98	2
-11.97	3
-11.96	6
-11.95	2
-11.94	7
-11.93	2
-11.92	9
-11.9	5
-11.89	8
-11.88	8
-11.87	3
-11.86	7
-11.85	5
-11.84	6
-11.83	3
-11.82	3
-11.81	7
-11.8	3
-11.79	4
-11.76	20
-11.75	1
-11.74	4
-11.73	4
-11.72	7
-11.71	2
-11.7	6
-11.69	8
-11.68	8
-11.67	6
-11.66	2
-11.65	2
-11.64	5
-11.63	11
-11.62	1
-11.61	10
-11.6	2
-11.59	8
-11.58	7
-11.57	7
-11.56	16
-11.55	2
-11.54	11
-11.53	4
-11.52	5
-11.51	6
-11.5	4
-11.49	12
-11.48	7
-11.47	3
-11.46	7
-11.45	5
-11.43	17
-11.42	2
-11.41	7
-11.4	11
-11.39	5
-11.38	2
-11.37	3
-11.36	13
-11.35	7
-11.34	7
-11.33	10
-11.32	7
-11.31	4
-11.3	6
-11.29	3
-11.28	9
-11.27	10
-11.26	7
-11.25	9
-11.24	6
-11.23	1
-11.22	3
-11.21	10
-11.2	4
-11.19	12
-11.18	10
-11.17	5
-11.16	5
-11.15	4
-11.14	6
-11.13	2
-11.11	60
-11.08	5
-11.07	2
-11.06	7
-11.05	5
-11.04	8
-11.03	6
-11.02	10
-11.01	6
-11.0	7
-10.99	10
-10.98	7
-10.97	6
-10.96	7
-10.95	11
-10.94	8
-10.93	3
-10.92	3
-10.91	13
-10.9	6
-10.89	6
-10.88	11
-10.87	7
-10.86	10
-10.85	3
-10.84	10
-10.83	12
-10.82	7
-10.81	8
-10.8	3
-10.79	8
-10.78	8
-10.77	8
-10.76	5
-10.75	4
-10.74	13
-10.73	5
-10.72	2
-10.71	18
-10.7	5
-10.69	9
-10.68	5
-10.67	15
-10.66	5
-10.65	4
-10.64	12
-10.63	7
-10.62	12
-10.61	8
-10.6	4
-10.59	12
-10.58	7
-10.57	16
-10.56	12
-10.55	7
-10.54	5
-10.53	31
-10.52	1
-10.51	6
-10.5	5
-10.49	17
-10.48	16
-10.47	13
-10.46	7
-10.45	14
-10.44	6
-10.43	12
-10.42	21
-10.41	6
-10.4	16
-10.39	15
-10.38	8
-10.37	15
-10.36	13
-10.35	3
-10.34	22
-10.33	6
-10.32	18
-10.31	12
-10.3	8
-10.29	21
-10.28	7
-10.27	12
-10.26	18
-10.25	7
-10.24	17
-10.23	15
-10.22	13
-10.21	6
-10.2	16
-10.19	19
-10.18	10
-10.17	21
-10.16	10
-10.15	5
-10.14	17
-10.13	17
-10.12	11
-10.11	11
-10.1	16
-10.09	10
-10.08	10
-10.07	11
-10.06	26
-10.05	15
-10.04	8
-10.03	7
-10.02	4
-10.0	77
-9.99	1
-9.98	3
-9.97	14
-9.96	6
-9.95	17
-9.94	19
-9.93	14
-9.92	11
-9.91	18
-9.9	18
-9.89	11
-9.88	13
-9.87	21
-9.86	23
-9.85	13
-9.84	16
-9.83	13
-9.82	14
-9.81	10
-9.8	19
-9.79	19
-9.78	13
-9.77	19
-9.76	34
-9.75	7
-9.74	8
-9.73	13
-9.72	23
-9.71	15
-9.7	15
-9.69	17
-9.68	30
-9.67	2
-9.66	22
-9.65	11
-9.64	26
-9.63	20
-9.62	15
-9.61	7
-9.6	29
-9.59	18
-9.58	9
-9.57	27
-9.56	20
-9.55	17
-9.54	10
-9.53	1
-9.52	34
-9.51	18
-9.5	14
-9.49	29
-9.48	16
-9.47	12
-9.46	28
-9.45	15
-9.44	14
-9.43	23
-9.42	19
-9.41	24
-9.4	23
-9.39	15
-9.38	38
-9.37	5
-9.36	12
-9.35	26
-9.34	15
-9.33	22
-9.32	15
-9.31	16
-9.3	26
-9.29	26
-9.28	24
-9.27	25
-9.26	11
-9.25	16
-9.24	19
-9.23	20
-9.22	22
-9.21	21
-9.2	29
-9.19	16
-9.18	19
-9.17	16
-9.16	19
-9.15	20
-9.14	17
-9.13	14
-9.12	10
-9.11	14
-9.1	1
-9.09	99
-9.07	16
-9.06	16
-9.05	28
-9.04	21
-9.03	28
-9.02	24
-9.01	23
-9.0	22
-8.99	27
-8.98	15
-8.97	38
-8.96	26
-8.95	8
-8.94	27
-8.93	27
-8.92	27
-8.91	17
-8.9	24
-8.89	34
-8.88	24
-8.87	25
-8.86	27
-8.85	34
-8.84	19
-8.83	13
-8.82	45
-8.81	18
-8.8	20
-8.79	21
-8.78	21
-8.77	28
-8.76	28
-8.75	32
-8.74	21
-8.73	15
-8.72	37
-8.71	22
-8.7	58
-8.69	3
-8.68	21
-8.67	26
-8.66	22
-8.65	19
-8.64	34
-8.63	26
-8.62	21
-8.61	26
-8.6	28
-8.59	23
-8.58	23
-8.57	26
-8.56	28
-8.55	32
-8.54	30
-8.53	23
-8.52	22
-8.51	42
-8.5	32
-8.49	22
-8.48	27
-8.47	36
-8.46	31
-8.45	45
-8.44	23
-8.43	31
-8.42	34
-8.41	28
-8.4	42
-8.39	31
-8.38	25
-8.37	30
-8.36	15
-8.35	14
-8.34	4
-8.33	110
-8.32	11
-8.31	20
-8.3	20
-8.29	33
-8.28	44
-8.27	26
-8.26	37
-8.25	36
-8.24	43
-8.23	24
-8.22	31
-8.21	41
-8.2	36
-8.19	24
-8.18	30
-8.17	21
-8.16	40
-8.15	35
-8.14	31
-8.13	40
-8.12	24
-8.11	37
-8.1	24
-8.09	37
-8.08	32
-8.07	29
-8.06	37
-8.05	32
-8.04	29
-8.03	29
-8.02	40
-8.01	26
-8.0	56
-7.99	15
-7.98	28
-7.97	31
-7.96	27
-7.95	31
-7.94	26
-7.93	22
-7.92	27
-7.91	50
-7.9	9
-7.89	61
-7.88	27
-7.87	39
-7.86	29
-7.85	27
-7.84	43
-7.83	35
-7.82	28
-7.81	30
-7.8	34
-7.79	37
-7.78	37
-7.77	29
-7.76	40
-7.75	56
-7.74	38
-7.73	38
-7.72	22
-7.71	23
-7.7	5
-7.69	138
-7.68	14
-7.67	33
-7.66	31
-7.65	42
-7.64	45
-7.63	34
-7.62	27
-7.61	37
-7.6	27
-7.59	69
-7.58	45
-7.57	19
-7.56	32
-7.55	53
-7.54	30
-7.53	50
-7.52	35
-7.51	33
-7.5	56
-7.49	34
-7.48	39
-7.47	43
-7.46	48
-7.45	51
-7.44	34
-7.43	53
-7.42	29
-7.41	80
-7.4	18
-7.39	33
-7.38	46
-7.37	37
-7.36	40
-7.35	45
-7.34	27
-7.33	56
-7.32	67
-7.31	33
-7.3	39
-7.29	38
-7.28	54
-7.27	54
-7.26	40
-7.25	72
-7.24	40
-7.23	55
-7.22	54
-7.21	28
-7.2	26
-7.19	52
-7.18	41
-7.17	43
-7.16	24
-7.15	7
-7.14	150
-7.13	23
-7.12	45
-7.11	31
-7.1	46
-7.09	52
-7.08	54
-7.07	54
-7.06	50
-7.05	43
-7.04	54
-7.03	36
-7.02	48
-7.01	54
-7.0	57
-6.99	44
-6.98	56
-6.97	38
-6.96	44
-6.95	38
-6.94	75
-6.93	47
-6.92	52
-6.91	40
-6.9	85
-6.89	30
-6.88	51
-6.87	49
-6.86	70
-6.85	57
-6.84	57
-6.83	58
-6.82	84
-6.81	40
-6.8	64
-6.79	49
-6.78	53
-6.77	50
-6.76	91
-6.75	53
-6.74	56
-6.73	64
-6.72	74
-6.71	64
-6.7	56
-6.69	47
-6.68	20
-6.67	132
-6.66	7
-6.65	31
-6.64	52
-6.63	65
-6.62	73
-6.61	43
-6.6	64
-6.59	68
-6.58	65
-6.57	73
-6.56	64
-6.55	51
-6.54	75
-6.53	55
-6.52	69
-6.51	60
-6.5	71
-6.49	67
-6.48	52
-6.47	84
-6.46	44
-6.45	75
-6.44	50
-6.43	71
-6.42	67
-6.41	71
-6.4	63
-6.39	43
-6.38	75
-6.37	60
-6.36	64
-6.35	79
-6.34	49
-6.33	66
-6.32	75
-6.31	69
-6.3	56
-6.29	87
-6.28	60
-6.27	64
-6.26	28
-6.25	176
-6.24	26
-6.23	49
-6.22	69
-6.21	76
-6.2	58
-6.19	81
-6.18	56
-6.17	66
-6.16	70
-6.15	95
-6.14	60
-6.13	65
-6.12	55
-6.11	66
-6.1	72
-6.09	70
-6.08	95
-6.07	61
-6.06	93
-6.05	54
-6.04	66
-6.03	75
-6.02	109
-6.01	63
-6.0	74
-5.99	67
-5.98	63
-5.97	72
-5.96	64
-5.95	94
-5.94	73
-5.93	73
-5.92	66
-5.91	68
-5.9	66
-5.89	28
-5.88	195
-5.87	50
-5.86	70
-5.85	66
-5.84	94
-5.83	99
-5.82	61
-5.81	101
-5.8	88
-5.79	98
-5.78	65
-5.77	79
-5.76	117
-5.75	78
-5.74	62
-5.73	78
-5.72	52
-5.71	110
-5.7	79
-5.69	92
-5.68	83
-5.67	96
-5.66	82
-5.65	94
-5.64	54
-5.63	91
-5.62	65
-5.61	74
-5.6	89
-5.59	105
-5.58	69
-5.57	52
-5.56	190
-5.55	19
-5.54	56
-5.53	72
-5.52	96
-5.51	77
-5.5	84
-5.49	93
-5.48	92
-5.47	69
-5.46	50
-5.45	119
-5.44	85
-5.43	99
-5.42	84
-5.41	111
-5.4	49
-5.39	87
-5.38	100
-5.37	83
-5.36	107
-5.35	66
-5.34	81
-5.33	98
-5.32	86
-5.31	96
-5.3	102
-5.29	83
-5.28	72
-5.27	36
-5.26	198
-5.25	63
-5.24	85
-5.23	95
-5.22	116
-5.21	100
-5.2	56
-5.19	121
-5.18	71
-5.17	105
-5.16	67
-5.15	114
-5.14	87
-5.13	121
-5.12	64
-5.11	103
-5.1	91
-5.09	51
-5.08	124
-5.07	95
-5.06	123
-5.05	95
-5.04	127
-5.03	106
-5.02	80
-5.01	56
-5.0	188
-4.99	49
-4.98	89
-4.97	89
-4.96	102
-4.95	113
-4.94	69
-4.93	116
-4.92	109
-4.91	91
-4.9	129
-4.89	104
-4.88	119
-4.87	84
-4.86	94
-4.85	125
-4.84	113
-4.83	109
-4.82	110
-4.81	88
-4.8	91
-4.79	125
-4.78	108
-4.77	64
-4.76	183
-4.75	85
-4.74	90
-4.73	118
-4.72	110
-4.71	145
-4.7	101
-4.69	117
-4.68	100
-4.67	128
-4.66	77
-4.65	135
-4.64	117
-4.63	104
-4.62	161
-4.61	110
-4.6	118
-4.59	107
-4.58	138
-4.57	87
-4.56	95
-4.55	212
-4.54	46
-4.53	74
-4.52	111
-4.51	91
-4.5	97
-4.49	148
-4.48	129
-4.47	111
-4.46	125
-4.45	68
-4.44	171
-4.43	103
-4.42	123
-4.41	138
-4.4	135
-4.39	105
-4.38	145
-4.37	118
-4.36	93
-4.35	219
-4.34	68
-4.33	93
-4.32	142
-4.31	116
-4.3	138
-4.29	155
-4.28	121
-4.27	118
-4.26	153
-4.25	83
-4.24	138
-4.23	154
-4.22	70
-4.21	121
-4.2	148
-4.19	116
-4.18	107
-4.17	215
-4.16	61
-4.15	121
-4.14	135
-4.13	118
-4.12	128
-4.11	136
-4.1	142
-4.09	120
-4.08	133
-4.07	166
-4.06	87
-4.05	156
-4.04	141
-4.03	138
-4.02	111
-4.01	99
-4.0	199
-3.99	110
-3.98	110
-3.97	147
-3.96	118
-3.95	147
-3.94	131
-3.93	133
-3.92	170
-3.91	141
-3.9	148
-3.89	126
-3.88	145
-3.87	119
-3.86	126
-3.85	235
-3.84	75
-3.83	140
-3.82	135
-3.81	130
-3.8	139
-3.79	144
-3.78	121
-3.77	149
-3.76	166
-3.75	140
-3.74	161
-3.73	153
-3.72	149
-3.71	66
-3.7	238
-3.69	127
-3.68	160
-3.67	134
-3.66	156
-3.65	150
-3.64	176
-3.63	124
-3.62	136
-3.61	173
-3.6	165
-3.59	151
-3.58	123
-3.57	199
-3.56	136
-3.55	175
-3.54	161
-3.53	151
-3.52	151
-3.51	167
-3.5	148
-3.49	148
-3.48	153
-3.47	175
-3.46	117
-3.45	210
-3.44	126
-3.43	128
-3.42	179
-3.41	145
-3.4	148
-3.39	166
-3.38	149
-3.37	152
-3.36	168
-3.35	139
-3.34	83
-3.33	233
-3.32	134
-3.31	203
-3.3	157
-3.29	156
-3.28	175
-3.27	142
-3.26	132
-3.25	142
-3.24	160
-3.23	194
-3.22	88
-3.21	167
-3.2	137
-3.19	147
-3.18	148
-3.17	173
-3.16	191
-3.15	154
-3.14	179
-3.13	220
-3.12	79
-3.11	182
-3.1	168
-3.09	164
-3.08	173
-3.07	161
-3.06	156
-3.05	200
-3.04	147
-3.03	192
-3.02	149
-3.01	162
-3.0	164
-2.99	212
-2.98	110
-2.97	165
-2.96	174
-2.95	148
-2.94	204
-2.93	166
-2.92	180
-2.91	146
-2.9	194
-2.89	152
-2.88	219
-2.87	150
-2.86	226
-2.85	101
-2.84	167
-2.83	184
-2.82	210
-2.81	141
-2.8	194
-2.79	163
-2.78	210
-2.77	132
-2.76	217
-2.75	175
-2.74	196
-2.73	170
-2.72	178
-2.71	158
-2.7	241
-2.69	175
-2.68	203
-2.67	222
-2.66	127
-2.65	223
-2.64	143
-2.63	188
-2.62	164
-2.61	173
-2.6	198
-2.59	164
-2.58	189
-2.57	107
-2.56	285
-2.55	183
-2.54	170
-2.53	198
-2.52	180
-2.51	143
-2.5	193
-2.49	198
-2.48	198
-2.47	190
-2.46	174
-2.45	192
-2.44	208
-2.43	169
-2.42	237
-2.41	202
-2.4	238
-2.39	157
-2.38	203
-2.37	181
-2.36	173
-2.35	219
-2.34	169
-2.33	268
-2.32	121
-2.31	190
-2.3	200
-2.29	194
-2.28	146
-2.27	216
-2.26	214
-2.25	217
-2.24	180
-2.23	173
-2.22	231
-2.21	235
-2.2	186
-2.19	219
-2.18	159
-2.17	262
-2.16	236
-2.15	222
-2.14	230
-2.13	237
-2.12	197
-2.11	224
-2.1	189
-2.09	138
-2.08	249
-2.07	197
-2.06	179
-2.05	198
-2.04	239
-2.03	212
-2.02	232
-2.01	194
-2.0	251
-1.99	204
-1.98	192
-1.97	226
-1.96	214
-1.95	225
-1.94	205
-1.93	174
-1.92	220
-1.91	179
-1.9	253
-1.89	242
-1.88	183
-1.87	196
-1.86	216
-1.85	236
-1.84	178
-1.83	230
-1.82	224
-1.81	235
-1.8	202
-1.79	247
-1.78	189
-1.77	183
-1.76	192
-1.75	263
-1.74	223
-1.73	181
-1.72	230
-1.71	222
-1.7	168
-1.69	280
-1.68	212
-1.67	242
-1.66	190
-1.65	234
-1.64	214
-1.63	215
-1.62	187
-1.61	252
-1.6	259
-1.59	237
-1.58	174
-1.57	234
-1.56	236
-1.55	206
-1.54	248
-1.53	217
-1.52	281
-1.51	167
-1.5	227
-1.49	257
-1.48	214
-1.47	225
-1.46	222
-1.45	248
-1.44	231
-1.43	226
-1.42	261
-1.41	219
-1.4	213
-1.39	226
-1.38	188
-1.37	268
-1.36	239
-1.35	238
-1.34	227
-1.33	248
-1.32	272
-1.31	211
-1.3	232
-1.29	196
-1.28	227
-1.27	286
-1.26	217
-1.25	209
-1.24	213
-1.23	271
-1.22	231
-1.21	202
-1.2	274
-1.19	238
-1.18	271
-1.17	248
-1.16	229
-1.15	247
-1.14	229
-1.13	200
-1.12	246
-1.11	251
-1.1	255
-1.09	235
-1.08	250
-1.07	225
-1.06	267
-1.05	241
-1.04	231
-1.03	247
-1.02	232
-1.01	258
-1.0	275
-0.99	246
-0.98	219
-0.97	240
-0.96	268
-0.95	245
-0.94	203
-0.93	231
-0.92	213
-0.91	228
-0.9	243
-0.89	211
-0.88	294
-0.87	238
-0.86	239
-0.85	276
-0.84	233
-0.83	274
-0.82	244
-0.81	237
-0.8	226
-0.79	280
-0.78	261
-0.77	226
-0.76	281
-0.75	302
-0.74	298
-0.73	203
-0.72	286
-0.71	281
-0.7	232
-0.69	244
-0.68	322
-0.67	251
-0.66	276
-0.65	289
-0.64	254
-0.63	256
-0.62	285
-0.61	254
-0.6	284
-0.59	226
-0.58	260
-0.57	270
-0.56	282
-0.55	252
-0.54	253
-0.53	274
-0.52	259
-0.51	258
-0.5	268
-0.49	249
-0.48	242
-0.47	272
-0.46	213
-0.45	231
-0.44	260
-0.43	251
-0.42	217
-0.41	218
-0.4	263
-0.39	229
-0.38	243
-0.37	212
-0.36	227
-0.35	219
-0.34	217
-0.33	210
-0.32	229
-0.31	226
-0.3	246
-0.29	242
-0.28	244
-0.27	219
-0.26	210
-0.25	218
-0.24	232
-0.23	219
-0.22	229
-0.21	200
-0.2	212
-0.19	203
-0.18	203
-0.17	165
-0.16	154
-0.15	165
-0.14	132
-0.13	166
-0.12	131
-0.11	154
-0.1	83
-0.09	56
-0.08	29
-0.07	38
-0.06	26
-0.05	16
-0.04	6
-0.03	8
-0.02	2
-0.01	1
0.0	8868
0.01	3
0.02	4
0.03	10
0.04	6
0.05	14
0.06	39
0.07	39
0.08	45
0.09	79
0.1	116
0.11	125
0.12	155
0.13	140
0.14	149
0.15	163
0.16	165
0.17	171
0.18	175
0.19	229
0.2	205
0.21	187
0.22	237
0.23	230
0.24	256
0.25	269
0.26	228
0.27	246
0.28	246
0.29	268
0.3	252
0.31	243
0.32	239
0.33	233
0.34	261
0.35	258
0.36	232
0.37	273
0.38	271
0.39	242
0.4	289
0.41	260
0.42	250
0.43	288
0.44	284
0.45	267
0.46	244
0.47	291
0.48	267
0.49	278
0.5	293
0.51	325
0.52	287
0.53	302
0.54	272
0.55	218
0.56	304
0.57	285
0.58	276
0.59	253
0.6	309
0.61	304
0.62	280
0.63	308
0.64	267
0.65	299
0.66	291
0.67	258
0.68	290
0.69	302
0.7	270
0.71	269
0.72	263
0.73	210
0.74	288
0.75	277
0.76	270
0.77	253
0.78	269
0.79	240
0.8	223
0.81	244
0.82	286
0.83	279
0.84	260
0.85	278
0.86	260
0.87	272
0.88	302
0.89	212
0.9	281
0.91	248
0.92	229
0.93	284
0.94	217
0.95	285
0.96	273
0.97	274
0.98	238
0.99	244
1.0	262
1.01	272
1.02	255
1.03	289
1.04	242
1.05	254
1.06	266
1.07	204
1.08	275
1.09	270
1.1	255
1.11	241
1.12	279
1.13	207
1.14	242
1.15	258
1.16	277
1.17	219
1.18	263
1.19	238
1.2	301
1.21	210
1.22	259
1.23	295
1.24	224
1.25	249
1.26	238
1.27	285
1.28	249
1.29	230
1.3	256
1.31	214
1.32	293
1.33	240
1.34	250
1.35	288
1.36	217
1.37	223
1.38	207
1.39	240
1.4	216
1.41	236
1.42	223
1.43	234
1.44	229
1.45	234
1.46	248
1.47	234
1.48	187
1.49	283
1.5	197
1.51	167
1.52	286
1.53	244
1.54	239
1.55	242
1.56	232
1.57	248
1.58	196
1.59	231
1.6	236
1.61	234
1.62	216
1.63	234
1.64	233
1.65	189
1.66	193
1.67	231
1.68	189
1.69	258
1.7	170
1.71	213
1.72	238
1.73	179
1.74	230
1.75	243
1.76	163
1.77	162
1.78	143
1.79	273
1.8	202
1.81	172
1.82	245
1.83	226
1.84	177
1.85	207
1.86	174
1.87	175
1.88	192
1.89	244
1.9	249
1.91	173
1.92	222
1.93	161
1.94	196
1.95	169
1.96	223
1.97	185
1.98	184
1.99	190
2.0	194
2.01	206
2.02	185
2.03	179
2.04	198
2.05	178
2.06	167
2.07	165
2.08	201
2.09	146
2.1	146
2.11	193
2.12	143
2.13	196
2.14	183
2.15	150
2.16	201
2.17	220
2.18	128
2.19	194
2.2	171
2.21	160
2.22	200
2.23	147
2.24	165
2.25	169
2.26	176
2.27	208
2.28	132
2.29	167
2.3	180
2.31	178
2.32	109
2.33	227
2.34	165
2.35	143
2.36	165
2.37	170
2.38	189
2.39	108
2.4	172
2.41	165
2.42	186
2.43	136
2.44	195
2.45	157
2.46	163
2.47	166
2.48	196
2.49	129
2.5	185
2.51	132
2.52	157
2.53	169
2.54	136
2.55	165
2.56	193
2.57	89
2.58	156
2.59	143
2.6	140
2.61	170
2.62	127
2.63	180
2.64	116
2.65	182
2.66	116
2.67	160
2.68	169
2.69	128
2.7	198
2.71	117
2.72	125
2.73	146
2.74	146
2.75	142
2.76	149
2.77	80
2.78	186
2.79	115
2.8	142
2.81	136
2.82	160
2.83	115
2.84	128
2.85	88
2.86	188
2.87	119
2.88	143
2.89	103
2.9	144
2.91	136
2.92	138
2.93	108
2.94	168
2.95	103
2.96	142
2.97	117
2.98	101
2.99	167
3.0	110
3.01	113
3.02	131
3.03	130
3.04	119
3.05	109
3.06	93
3.07	116
3.08	142
3.09	127
3.1	115
3.11	118
3.12	58
3.13	177
3.14	111
3.15	100
3.16	131
3.17	139
3.18	93
3.19	111
3.2	102
3.21	127
3.22	46
3.23	145
3.24	114
3.25	110
3.26	97
3.27	95
3.28	125
3.29	103
3.3	106
3.31	134
3.32	93
3.33	152
3.34	50
3.35	95
3.36	117
3.37	120
3.38	104
3.39	113
3.4	110
3.41	95
3.42	114
3.43	104
3.44	88
3.45	143
3.46	100
3.47	107
3.48	97
3.49	106
3.5	108
3.51	117
3.52	91
3.53	98
3.54	122
3.55	85
3.56	85
3.57	126
3.58	62
3.59	92
3.6	114
3.61	110
3.62	81
3.63	85
3.64	107
3.65	96
3.66	103
3.67	96
3.68	105
3.69	78
3.7	114
3.71	53
3.72	77
3.73	81
3.74	89
3.75	80
3.76	80
3.77	93
3.78	74
3.79	97
3.8	94
3.81	69
3.82	79
3.83	87
3.84	48
3.85	126
3.86	68
3.87	72
3.88	92
3.89	58
3.9	102
3.91	89
3.92	86
3.93	80
3.94	72
3.95	68
3.96	71
3.97	76
3.98	79
3.99	61
4.0	101
4.01	62
4.02	69
4.03	66
4.04	89
4.05	91
4.06	64
4.07	87
4.08	104
4.09	75
4.1	66
4.11	88
4.12	80
4.13	60
4.14	75
4.15	74
4.16	42
4.17	128
4.18	68
4.19	72
4.2	90
4.21	75
4.22	50
4.23	98
4.24	58
4.25	46
4.26	77
4.27	78
4.28	53
4.29	77
4.3	70
4.31	70
4.32	78
4.33	63
4.34	35
4.35	113
4.36	45
4.37	59
4.38	64
4.39	57
4.4	62
4.41	65
4.42	68
4.43	52
4.44	89
4.45	28
4.46	63
4.47	47
4.48	78
4.49	67
4.5	59
4.51	53
4.52	72
4.53	47
4.54	21
4.55	122
4.56	57
4.57	56
4.58	70
4.59	60
4.6	52
4.61	36
4.62	80
4.63	59
4.64	49
4.65	66
4.66	46
4.67	60
4.68	51
4.69	46
4.7	40
4.71	59
4.72	54
4.73	45
4.74	57
4.75	35
4.76	91
4.77	17
4.78	41
4.79	59
4.8	48
4.81	45
4.82	54
4.83	45
4.84	55
4.85	57
4.86	34
4.87	31
4.88	72
4.89	33
4.9	56
4.91	43
4.92	55
4.93	56
4.94	50
4.95	57
4.96	48
4.97	37
4.98	49
4.99	25
5.0	92
5.01	25
5.02	39
5.03	38
5.04	51
5.05	53
5.06	40
5.07	37
5.08	62
5.09	27
5.1	48
5.11	44
5.12	30
5.13	43
5.14	44
5.15	42
5.16	42
5.17	48
5.18	38
5.19	55
5.2	18
5.21	39
5.22	40
5.23	39
5.24	35
5.25	29
5.26	85
5.27	14
5.28	31
5.29	28
5.3	40
5.31	34
5.32	29
5.33	48
5.34	41
5.35	34
5.36	35
5.37	35
5.38	40
5.39	25
5.4	15
5.41	58
5.42	33
5.43	50
5.44	36
5.45	56
5.46	24
5.47	42
5.48	47
5.49	40
5.5	44
5.51	34
5.52	40
5.53	19
5.54	30
5.55	3
5.56	82
5.57	38
5.58	31
5.59	38
5.6	22
5.61	42
5.62	25
5.63	47
5.64	14
5.65	41
5.66	44
5.67	26
5.68	32
5.69	28
5.7	20
5.71	47
5.72	15
5.73	28
5.74	38
5.75	26
5.76	27
5.77	30
5.78	21
5.79	37
5.8	41
5.81	28
5.82	12
5.83	23
5.84	27
5.85	28
5.86	23
5.87	17
5.88	68
5.89	8
5.9	20
5.91	20
5.92	23
5.93	36
5.94	28
5.95	35
5.96	22
5.97	30
5.98	29
5.99	21
6.0	22
6.01	14
6.02	30
6.03	24
6.04	28
6.05	17
6.06	34
6.07	23
6.08	26
6.09	26
6.1	27
6.11	30
6.12	32
6.13	16
6.14	24
6.15	28
6.16	14
6.17	14
6.18	12
6.19	37
6.2	16
6.21	22
6.22	13
6.23	22
6.24	7
6.25	62
6.26	5
6.27	16
6.28	16
6.29	19
6.3	12
6.31	20
6.32	30
6.33	26
6.34	18
6.35	27
6.36	23
6.37	19
6.38	20
6.39	11
6.4	30
6.41	22
6.42	18
6.43	12
6.44	18
6.45	34
6.46	15
6.47	31
6.48	10
6.49	17
6.5	21
6.51	18
6.52	25
6.53	19
6.54	18
6.55	16
6.56	18
6.57	18
6.58	18
6.59	19
6.6	25
6.61	16
6.62	16
6.63	15
6.64	12
6.65	11
6.66	3
6.67	63
6.68	8
6.69	17
6.7	12
6.71	13
6.72	10
6.73	16
6.74	14
6.75	15
6.76	21
6.77	15
6.78	17
6.79	8
6.8	14
6.81	11
6.82	27
6.83	19
6.84	13
6.85	17
6.86	15
6.87	12
6.88	18
6.89	7
6.9	19
6.91	13
6.92	15
6.93	15
6.94	24
6.95	9
6.96	15
6.97	9
6.98	23
6.99	13
7.0	15
7.01	10
7.02	18
7.03	12
7.04	16
7.05	12
7.06	13
7.07	15
7.08	14
7.09	15
7.1	14
7.11	10
7.12	9
7.13	9
7.14	43
7.15	1
7.16	16
7.17	10
7.18	8
7.19	17
7.2	10
7.21	11
7.22	11
7.23	16
7.24	5
7.25	13
7.26	11
7.27	13
7.28	10
7.29	12
7.3	5
7.31	8
7.32	18
7.33	11
7.34	10
7.35	12
7.36	8
7.37	9
7.38	14
7.39	9
7.4	3
7.41	20
7.42	8
7.43	8
7.44	7
7.45	14
7.46	11
7.47	9
7.48	14
7.49	4
7.5	14
7.51	5
7.52	12
7.53	13
7.54	12
7.55	10
7.56	12
7.57	5
7.58	12
7.59	8
7.6	10
7.61	6
7.62	9
7.63	6
7.64	11
7.65	7
7.66	8
7.67	3
7.68	5
7.69	36
7.7	1
7.71	2
7.72	6
7.73	9
7.74	7
7.75	10
7.76	6
7.77	10
7.78	13
7.79	12
7.8	11
7.81	10
7.82	5
7.83	7
7.84	10
7.85	4
7.86	7
7.87	11
7.88	9
7.89	13
7.9	1
7.91	11
7.92	10
7.93	5
7.94	16
7.95	10
7.96	6
7.97	4
7.98	8
7.99	5
8.0	8
8.01	2
8.02	5
8.03	3
8.04	8
8.05	11
8.06	9
8.07	4
8.08	9
8.09	9
8.1	5
8.11	11
8.12	2
8.13	9
8.14	9
8.15	2
8.16	7
8.17	4
8.18	5
8.19	5
8.2	8
8.21	9
8.22	3
8.23	3
8.24	8
8.25	6
8.26	4
8.27	4
8.28	4
8.29	4
8.3	3
8.31	5
8.32	1
8.33	22
8.35	1
8.36	2
8.37	1
8.38	5
8.39	1
8.4	5
8.41	7
8.42	4
8.43	7
8.44	7
8.45	5
8.46	2
8.47	8
8.48	3
8.49	4
8.5	3
8.51	7
8.52	3
8.53	3
8.54	3
8.55	10
8.56	6
8.57	10
8.58	3
8.59	5
8.6	5
8.61	2
8.62	10
8.63	5
8.64	8
8.65	5
8.66	7
8.67	5
8.68	5
8.7	19
8.71	2
8.72	6
8.73	5
8.75	6
8.76	2
8.77	5
8.78	3
8.79	2
8.8	7
8.81	3
8.82	4
8.83	2
8.84	4
8.85	2
8.86	4
8.87	2
8.88	2
8.89	5
8.9	1
8.91	4
8.92	4
8.93	8
8.94	8
8.95	3
8.96	6
8.97	6
8.98	2
8.99	4
9.0	5
9.01	3
9.02	5
9.03	3
9.04	4
9.05	3
9.06	7
9.07	7
9.09	17
9.11	1
9.12	3
9.13	4
9.14	3
9.15	3
9.16	2
9.17	4
9.18	1
9.19	1
9.2	5
9.21	5
9.22	2
9.23	1
9.24	5
9.25	2
9.26	6
9.27	1
9.29	2
9.3	3
9.31	1
9.32	3
9.33	4
9.34	1
9.35	3
9.36	4
9.38	9
9.39	3
9.4	6
9.41	3
9.42	1
9.43	9
9.44	1
9.45	4
9.46	3
9.47	2
9.48	6
9.49	2
9.5	1
9.51	1
9.52	5
9.54	2
9.56	3
9.57	2
9.59	3
9.6	1
9.62	1
9.63	1
9.64	2
9.65	1
9.66	2
9.67	1
9.68	2
9.69	1
9.7	3
9.71	1
9.72	6
9.73	6
9.74	3
9.75	1
9.76	3
9.77	4
9.78	4
9.79	2
9.8	2
9.81	1
9.82	4
9.83	1
9.84	4
9.85	1
9.86	2
9.87	3
9.88	2
9.89	2
9.9	2
9.91	1
9.92	2
9.93	2
9.94	1
9.95	1
9.96	1
9.97	1
9.98	1
10.0	18
10.03	2
10.04	1
10.05	1
10.06	1
10.07	3
10.08	3
10.09	1
10.11	1
10.12	1
10.13	1
10.14	3
10.16	1
10.17	3
10.18	2
10.19	4
10.2	2
10.21	1
10.22	1
10.24	1
10.26	3
10.27	2
10.29	2
10.3	2
10.31	5
10.32	1
10.34	1
10.36	1
10.37	1
10.39	1
10.41	3
10.42	3
10.43	1
10.45	3
10.46	1
10.47	1
10.48	2
10.5	4
10.51	1
10.53	4
10.54	1
10.55	2
10.56	1
10.58	3
10.59	2
10.6	1
10.62	1
10.63	1
10.64	3
10.66	2
10.69	2
10.7	2
10.71	1
10.74	2
10.75	2
10.78	1
10.79	1
10.8	1
10.81	2
10.82	1
10.83	1
10.84	1
10.85	2
10.87	3
10.91	1
10.92	2
10.94	1
10.95	1
10.99	1
11.0	3
11.01	1
11.02	1
11.03	1
11.05	1
11.09	1
11.11	5
11.14	1
11.16	1
11.17	1
11.21	2
11.24	1
11.25	2
11.26	1
11.27	2
11.29	2
11.31	1
11.32	1
11.33	1
11.36	2
11.38	1
11.4	2
11.47	1
11.48	2
11.49	2
11.54	3
11.56	1
11.63	2
11.7	1
11.74	1
11.76	3
11.79	2
11.88	1
11.9	2
11.92	1
11.93	2
12.0	4
12.02	1
12.1	1
12.11	1
12.12	1
12.15	1
12.17	1
12.2	2
12.24	1
12.26	1
12.28	1
12.3	1
12.31	1
12.33	1
12.36	1
12.37	1
12.38	2
12.39	2
12.4	1
12.41	1
12.45	1
12.5	3
12.56	1
12.73	1
12.78	1
12.86	1
12.95	1
12.96	1
12.97	1
13.03	1
13.1	2
13.16	1
13.21	1
13.22	1
13.31	1
13.33	2
13.39	1
13.48	1
13.54	2
13.71	1
13.79	1
13.83	1
14.0	2
14.05	1
14.07	1
14.13	1
14.14	1
14.16	1
14.21	1
14.43	1
14.44	2
14.55	1
14.58	1
14.63	2
14.71	1
15.09	1
15.29	1
15.69	1
15.75	1
15.79	1
16.19	1
16.9	1
17.69	1
18.2	1
18.64	1
