0.0	1
1.32	1
1.52	1
1.56	1
1.67	1
2.11	1
2.26	1
2.38	1
2.97	1
3.06	1
3.07	1
3.29	1
3.32	1
3.37	1
3.49	1
3.5	1
3.52	1
3.56	1
3.57	1
3.6	1
3.66	1
3.67	1
3.7	3
3.74	2
3.81	1
3.85	1
3.87	1
3.88	1
3.89	1
3.92	1
3.93	1
3.98	1
4.0	1
4.11	1
4.16	1
4.17	2
4.18	1
4.2	1
4.24	1
4.25	1
4.26	1
4.28	1
4.31	1
4.32	2
4.34	1
4.35	3
4.38	1
4.4	1
4.41	2
4.43	2
4.44	3
4.46	1
4.48	1
4.57	1
4.61	1
4.63	1
4.65	3
4.66	2
4.69	1
4.71	1
4.73	1
4.74	1
4.75	2
4.76	2
4.78	1
4.84	1
4.88	2
4.94	1
4.95	1
4.96	2
4.97	1
4.99	3
5.0	3
5.02	2
5.04	1
5.06	1
5.08	1
5.09	1
5.12	1
5.13	2
5.14	1
5.17	1
5.19	1
5.2	1
5.21	2
5.24	1
5.25	1
5.26	2
5.27	1
5.29	2
5.31	1
5.32	1
5.33	2
5.35	2
5.36	2
5.38	1
5.41	1
5.44	1
5.48	2
5.5	1
5.52	1
5.53	1
5.54	1
5.55	1
5.56	2
5.58	1
5.61	3
5.62	1
5.63	2
5.65	1
5.66	4
5.67	1
5.69	1
5.71	2
5.74	2
5.75	1
5.76	1
5.77	3
5.78	1
5.79	1
5.8	3
5.82	1
5.83	1
5.86	2
5.87	1
5.88	4
5.93	1
5.94	2
5.96	2
5.97	1
5.98	1
5.99	1
6.01	2
6.02	1
6.03	1
6.05	2
6.06	4
6.08	1
6.09	1
6.1	1
6.11	2
6.12	1
6.13	1
6.14	1
6.15	1
6.16	4
6.17	2
6.18	1
6.2	3
6.21	1
6.23	2
6.24	2
6.25	5
6.28	3
6.29	1
6.3	2
6.31	1
6.33	2
6.34	2
6.35	1
6.36	3
6.38	2
6.4	2
6.41	5
6.42	2
6.44	1
6.45	1
6.47	1
6.48	2
6.49	3
6.5	2
6.52	1
6.54	1
6.55	1
6.56	3
6.58	3
6.59	2
6.61	2
6.62	3
6.64	3
6.65	1
6.67	6
6.68	2
6.69	2
6.72	4
6.73	3
6.76	2
6.77	2
6.78	3
6.8	1
6.81	1
6.82	2
6.84	2
6.85	4
6.87	1
6.88	1
6.9	4
6.91	1
6.92	1
6.93	2
6.94	3
6.97	1
6.98	2
6.99	4
7.0	2
7.01	1
7.02	6
7.03	1
7.04	2
7.05	1
7.06	1
7.07	3
7.08	1
7.09	2
7.1	1
7.12	1
7.14	4
7.17	2
7.18	1
7.19	2
7.2	2
7.22	1
7.23	3
7.24	3
7.25	1
7.26	2
7.27	2
7.28	4
7.29	2
7.3	2
7.31	2
7.32	4
7.33	5
7.34	3
7.35	4
7.38	2
7.4	1
7.41	6
7.42	2
7.43	1
7.44	3
7.45	2
7.46	4
7.47	1
7.48	3
7.49	3
7.5	3
7.51	2
7.53	1
7.55	2
7.56	4
7.57	2
7.58	3
7.59	1
7.6	4
7.61	1
7.62	2
7.64	1
7.66	3
7.67	4
7.69	8
7.7	2
7.71	4
7.74	2
7.75	2
7.76	4
7.78	4
7.79	3
7.8	1
7.81	3
7.82	2
7.83	3
7.84	2
7.85	4
7.86	3
7.87	3
7.88	2
7.9	1
7.91	2
7.92	3
7.93	1
7.94	7
7.95	4
7.96	4
7.97	3
7.98	1
7.99	1
8.0	7
8.02	1
8.03	2
8.04	1
8.05	1
8.06	6
8.07	3
8.08	2
8.09	2
8.1	3
8.11	2
8.13	2
8.14	1
8.15	2
8.16	3
8.17	1
8.18	3
8.19	1
8.2	5
8.21	2
8.22	2
8.23	1
8.24	4
8.25	3
8.26	5
8.27	3
8.28	2
8.29	2
8.3	4
8.31	1
8.33	13
8.36	3
8.37	2
8.38	3
8.39	6
8.41	3
8.42	3
8.43	2
8.44	2
8.45	3
8.46	2
8.47	5
8.48	7
8.49	4
8.5	4
8.51	3
8.52	1
8.53	5
8.54	5
8.55	2
8.56	6
8.57	6
8.58	2
8.59	2
8.6	3
8.61	4
8.62	6
8.63	2
8.64	1
8.65	3
8.66	7
8.67	1
8.68	1
8.69	1
8.7	9
8.71	1
8.72	4
8.73	2
8.74	5
8.75	5
8.76	6
8.77	8
8.78	1
8.79	4
8.8	5
8.81	3
8.82	6
8.83	3
8.84	3
8.85	5
8.86	5
8.87	5
8.88	1
8.89	10
8.9	1
8.91	1
8.92	2
8.93	9
8.94	3
8.95	4
8.96	5
8.97	6
8.98	4
8.99	5
9.0	1
9.01	6
9.02	4
9.03	3
9.04	4
9.05	3
9.06	4
9.07	3
9.08	1
9.09	22
9.1	1
9.11	3
9.12	3
9.13	1
9.14	3
9.15	6
9.16	6
9.17	7
9.18	8
9.19	2
9.2	4
9.21	5
9.22	5
9.23	13
9.24	8
9.25	6
9.26	6
9.27	2
9.28	10
9.29	4
9.3	9
9.31	4
9.32	3
9.33	4
9.34	6
9.35	8
9.36	4
9.37	3
9.38	9
9.39	4
9.4	5
9.41	7
9.42	4
9.43	7
9.44	2
9.45	6
9.46	5
9.47	4
9.48	5
9.49	5
9.5	3
9.51	4
9.52	18
9.53	1
9.54	2
9.55	12
9.56	8
9.57	8
9.58	3
9.59	10
9.6	6
9.61	3
9.62	6
9.63	7
9.64	3
9.65	4
9.66	2
9.67	3
9.68	5
9.69	9
9.7	11
9.71	4
9.72	8
9.73	8
9.74	2
9.75	1
9.76	12
9.77	3
9.78	1
9.79	8
9.8	8
9.81	1
9.82	9
9.83	5
9.84	9
9.85	5
9.86	6
9.87	2
9.88	7
9.89	5
9.9	6
9.91	8
9.92	9
9.93	6
9.94	7
9.95	2
9.96	4
9.97	3
9.98	3
10.0	37
10.01	2
10.02	1
10.03	5
10.04	7
10.05	8
10.06	7
10.07	11
10.08	6
10.09	8
10.1	5
10.11	8
10.12	4
10.13	4
10.14	16
10.15	7
10.16	3
10.17	6
10.18	8
10.19	10
10.2	8
10.21	5
10.22	8
10.23	6
10.24	7
10.25	8
10.26	6
10.27	5
10.28	2
10.29	12
10.3	5
10.31	3
10.32	9
10.33	4
10.34	16
10.35	2
10.36	7
10.37	5
10.38	8
10.39	3
10.4	9
10.41	1
10.42	11
10.43	2
10.44	6
10.45	19
10.46	8
10.47	12
10.48	10
10.49	6
10.5	4
10.51	6
10.52	2
10.53	23
10.54	1
10.55	5
10.56	7
10.57	9
10.58	5
10.59	7
10.6	7
10.61	9
10.62	8
10.63	6
10.64	19
10.65	10
10.66	4
10.67	11
10.68	6
10.69	9
10.7	8
10.71	17
10.72	2
10.73	7
10.74	11
10.75	5
10.76	6
10.77	9
10.78	8
10.79	6
10.8	6
10.81	12
10.82	7
10.83	11
10.84	12
10.85	11
10.86	5
10.87	19
10.88	7
10.89	11
10.9	7
10.91	13
10.92	11
10.93	6
10.94	16
10.95	6
10.96	10
10.97	6
10.98	12
10.99	10
11.0	4
11.01	3
11.02	13
11.03	15
11.04	5
11.05	9
11.06	10
11.07	6
11.08	4
11.09	6
11.1	1
11.11	51
11.12	2
11.13	4
11.14	10
11.15	4
11.16	6
11.17	6
11.18	14
11.19	9
11.2	6
11.21	10
11.22	9
11.23	7
11.24	3
11.25	5
11.26	8
11.27	12
11.28	9
11.29	21
11.3	7
11.31	8
11.32	14
11.33	12
11.34	7
11.35	6
11.36	18
11.37	4
11.38	13
11.39	8
11.4	11
11.41	4
11.42	8
11.43	24
11.44	8
11.45	11
11.46	14
11.47	5
11.48	17
11.49	15
11.5	9
11.51	12
11.52	7
11.53	5
11.54	27
11.55	9
11.56	13
11.57	14
11.58	7
11.59	13
11.6	7
11.61	6
11.62	4
11.63	22
11.64	12
11.65	18
11.66	7
11.67	11
11.68	14
11.69	12
11.7	16
11.71	17
11.72	10
11.73	6
11.74	6
11.75	7
11.76	44
11.77	2
11.78	4
11.79	10
11.8	12
11.81	9
11.82	12
11.83	15
11.84	13
11.85	16
11.86	20
11.87	8
11.88	12
11.89	7
11.9	23
11.91	5
11.92	13
11.93	17
11.94	11
11.95	14
11.96	12
11.97	13
11.98	10
11.99	13
12.0	38
12.01	4
12.02	4
12.03	13
12.04	12
12.05	14
12.06	13
12.07	14
12.08	9
12.09	15
12.1	15
12.11	10
12.12	25
12.13	5
12.14	18
12.15	19
12.16	10
12.17	14
12.18	9
12.19	5
12.2	26
12.21	11
12.22	12
12.23	20
12.24	25
12.25	12
12.26	13
12.27	6
12.28	23
12.29	15
12.3	14
12.31	24
12.32	20
12.33	17
12.34	9
12.35	20
12.36	6
12.37	11
12.38	7
12.39	15
12.4	14
12.41	15
12.42	15
12.43	16
12.44	18
12.45	9
12.46	7
12.47	2
12.48	8
12.49	5
12.5	103
12.51	4
12.52	2
12.53	9
12.54	6
12.55	9
12.56	6
12.57	13
12.58	14
12.59	12
12.6	10
12.61	20
12.62	16
12.63	14
12.64	15
12.65	10
12.66	16
12.67	17
12.68	22
12.69	17
12.7	32
12.71	17
12.72	9
12.73	27
12.74	7
12.75	36
12.76	12
12.77	26
12.78	21
12.79	18
12.8	20
12.81	9
12.82	29
12.83	18
12.84	11
12.85	11
12.86	30
12.87	22
12.88	16
12.89	14
12.9	26
12.91	9
12.92	16
12.93	19
12.94	17
12.95	17
12.96	29
12.97	14
12.98	17
12.99	29
13.0	14
13.01	17
13.02	17
13.03	15
13.04	60
13.05	8
13.06	9
13.07	21
13.08	27
13.09	9
13.1	30
13.11	30
13.12	17
13.13	18
13.14	23
13.15	18
13.16	49
13.17	16
13.18	10
13.19	23
13.2	13
13.21	28
13.22	23
13.23	9
13.24	28
13.25	25
13.26	15
13.27	31
13.28	15
13.29	30
13.3	12
13.31	8
13.32	10
13.33	73
13.34	4
13.35	17
13.36	18
13.37	20
13.38	19
13.39	29
13.4	14
13.41	22
13.42	12
13.43	41
13.44	16
13.45	30
13.46	20
13.47	10
13.48	30
13.49	24
13.5	19
13.51	32
13.52	5
13.53	24
13.54	25
13.55	15
13.56	25
13.57	17
13.58	19
13.59	22
13.6	17
13.61	25
13.62	19
13.63	9
13.64	71
13.65	18
13.66	15
13.67	18
13.68	35
13.69	20
13.7	25
13.71	32
13.72	18
13.73	38
13.74	24
13.75	30
13.76	21
13.77	34
13.78	21
13.79	62
13.8	10
13.81	26
13.82	30
13.83	24
13.84	20
13.85	41
13.86	35
13.87	36
13.88	14
13.89	43
13.9	18
13.91	21
13.92	33
13.93	25
13.94	22
13.95	35
13.96	16
13.97	25
13.98	31
13.99	34
14.0	36
14.01	19
14.02	26
14.03	21
14.04	49
14.05	24
14.06	45
14.07	19
14.08	40
14.09	19
14.1	30
14.11	13
14.12	36
14.13	28
14.14	32
14.15	24
14.16	33
14.17	34
14.18	25
14.19	29
14.2	31
14.21	31
14.22	28
14.23	24
14.24	21
14.25	22
14.26	11
14.27	6
14.28	1
14.29	202
14.3	1
14.31	12
14.32	16
14.33	17
14.34	29
14.35	18
14.36	35
14.37	28
14.38	28
14.39	31
14.4	19
14.41	37
14.42	36
14.43	24
14.44	46
14.45	26
14.46	36
14.47	41
14.48	34
14.49	41
14.5	31
14.51	20
14.52	42
14.53	40
14.54	12
14.55	44
14.56	41
14.57	30
14.58	46
14.59	29
14.6	33
14.61	39
14.62	35
14.63	46
14.64	19
14.65	29
14.66	35
14.67	49
14.68	28
14.69	34
14.7	11
14.71	63
14.72	42
14.73	29
14.74	53
14.75	50
14.76	20
14.77	45
14.78	29
14.79	36
14.8	28
14.81	83
14.82	12
14.83	25
14.84	53
14.85	32
14.86	48
14.87	27
14.88	42
14.89	52
14.9	25
14.91	39
14.92	25
14.93	56
14.94	45
14.95	37
14.96	40
14.97	52
14.98	41
14.99	22
15.0	95
15.01	19
15.02	23
15.03	41
15.04	55
15.05	41
15.06	34
15.07	45
15.08	47
15.09	47
15.1	33
15.11	41
15.12	38
15.13	36
15.14	49
15.15	74
15.16	27
15.17	42
15.18	41
15.19	64
15.2	43
15.21	27
15.22	59
15.23	38
15.24	43
15.25	62
15.26	39
15.27	57
15.28	47
15.29	57
15.3	31
15.31	43
15.32	54
15.33	54
15.34	47
15.35	30
15.36	43
15.37	22
15.38	149
15.39	4
15.4	25
15.41	41
15.42	33
15.43	38
15.44	46
15.45	60
15.46	40
15.47	39
15.48	62
15.49	58
15.5	38
15.51	45
15.52	66
15.53	44
15.54	45
15.55	28
15.56	78
15.57	50
15.58	67
15.59	28
15.6	48
15.61	45
15.62	17
15.63	68
15.64	49
15.65	59
15.66	54
15.67	45
15.68	30
15.69	60
15.7	50
15.71	76
15.72	53
15.73	52
15.74	56
15.75	55
15.76	58
15.77	40
15.78	43
15.79	138
15.8	23
15.81	58
15.82	54
15.83	60
15.84	55
15.85	78
15.86	49
15.87	66
15.88	55
15.89	70
15.9	43
15.91	65
15.92	43
15.93	74
15.94	60
15.95	60
15.96	62
15.97	56
15.98	50
15.99	46
16.0	101
16.01	44
16.02	73
16.03	77
16.04	53
16.05	48
16.06	57
16.07	71
16.08	58
16.09	65
16.1	55
16.11	62
16.12	41
16.13	85
16.14	54
16.15	66
16.16	61
16.17	50
16.18	89
16.19	59
16.2	66
16.21	38
16.22	103
16.23	67
16.24	62
16.25	80
16.26	68
16.27	74
16.28	68
16.29	51
16.3	72
16.31	62
16.32	51
16.33	94
16.34	56
16.35	74
16.36	98
16.37	48
16.38	73
16.39	78
16.4	60
16.41	68
16.42	74
16.43	75
16.44	94
16.45	50
16.46	99
16.47	67
16.48	83
16.49	87
16.5	71
16.51	58
16.52	77
16.53	70
16.54	76
16.55	94
16.56	93
16.57	95
16.58	70
16.59	72
16.6	66
16.61	54
16.62	57
16.63	56
16.64	37
16.65	19
16.66	8
16.67	528
16.68	5
16.69	34
16.7	43
16.71	70
16.72	65
16.73	69
16.74	69
16.75	90
16.76	98
16.77	74
16.78	82
16.79	99
16.8	73
16.81	88
16.82	62
16.83	86
16.84	84
16.85	94
16.86	64
16.87	78
16.88	113
16.89	81
16.9	100
16.91	71
16.92	112
16.93	61
16.94	99
16.95	94
16.96	100
16.97	63
16.98	98
16.99	78
17.0	82
17.01	68
17.02	112
17.03	74
17.04	64
17.05	139
17.06	84
17.07	126
17.08	64
17.09	119
17.1	69
17.11	117
17.12	92
17.13	94
17.14	138
17.15	67
17.16	101
17.17	77
17.18	105
17.19	107
17.2	104
17.21	99
17.22	98
17.23	68
17.24	157
17.25	65
17.26	104
17.27	114
17.28	121
17.29	97
17.3	87
17.31	125
17.32	88
17.33	114
17.34	91
17.35	87
17.36	128
17.37	102
17.38	66
17.39	177
17.4	41
17.41	93
17.42	122
17.43	92
17.44	105
17.45	91
17.46	125
17.47	79
17.48	110
17.49	91
17.5	128
17.51	105
17.52	91
17.53	112
17.54	136
17.55	86
17.56	96
17.57	116
17.58	113
17.59	105
17.6	118
17.61	121
17.62	92
17.63	82
17.64	29
17.65	258
17.66	81
17.67	104
17.68	108
17.69	119
17.7	116
17.71	115
17.72	126
17.73	107
17.74	121
17.75	92
17.76	113
17.77	117
17.78	139
17.79	114
17.8	96
17.81	131
17.82	115
17.83	127
17.84	117
17.85	66
17.86	184
17.87	119
17.88	119
17.89	132
17.9	107
17.91	148
17.92	148
17.93	122
17.94	103
17.95	129
17.96	126
17.97	118
17.98	105
17.99	125
18.0	138
18.01	126
18.02	120
18.03	128
18.04	88
18.05	118
18.06	196
18.07	108
18.08	100
18.09	119
18.1	138
18.11	124
18.12	129
18.13	145
18.14	116
18.15	108
18.16	84
18.17	44
18.18	460
18.19	17
18.2	89
18.21	112
18.22	107
18.23	136
18.24	161
18.25	127
18.26	151
18.27	125
18.28	128
18.29	152
18.3	140
18.31	129
18.32	159
18.33	142
18.34	113
18.35	148
18.36	105
18.37	161
18.38	126
18.39	150
18.4	157
18.41	137
18.42	165
18.43	112
18.44	144
18.45	139
18.46	138
18.47	137
18.48	145
18.49	146
18.5	148
18.51	99
18.52	220
18.53	129
18.54	141
18.55	144
18.56	136
18.57	140
18.58	162
18.59	135
18.6	222
18.61	88
18.62	144
18.63	145
18.64	186
18.65	127
18.66	157
18.67	197
18.68	131
18.69	128
18.7	145
18.71	160
18.72	139
18.73	123
18.74	100
18.75	344
18.76	84
18.77	119
18.78	162
18.79	181
18.8	159
18.81	159
18.82	186
18.83	160
18.84	185
18.85	138
18.86	165
18.87	170
18.88	170
18.89	151
18.9	162
18.91	140
18.92	218
18.93	169
18.94	138
18.95	171
18.96	105
18.97	206
18.98	157
18.99	147
19.0	137
19.01	169
19.02	168
19.03	159
19.04	85
19.05	284
19.06	139
19.07	159
19.08	186
19.09	153
19.1	165
19.11	157
19.12	187
19.13	161
19.14	161
19.15	182
19.16	144
19.17	157
19.18	161
19.19	189
19.2	169
19.21	184
19.22	142
19.23	240
19.24	150
19.25	203
19.26	170
19.27	161
19.28	187
19.29	189
19.3	178
19.31	173
19.32	178
19.33	216
19.34	158
19.35	265
19.36	82
19.37	153
19.38	201
19.39	187
19.4	200
19.41	164
19.42	195
19.43	192
19.44	253
19.45	111
19.46	167
19.47	211
19.48	176
19.49	173
19.5	197
19.51	232
19.52	129
19.53	218
19.54	170
19.55	191
19.56	126
19.57	256
19.58	188
19.59	208
19.6	145
19.61	216
19.62	162
19.63	204
19.64	191
19.65	184
19.66	184
19.67	196
19.68	155
19.69	210
19.7	221
19.71	178
19.72	232
19.73	182
19.74	206
19.75	229
19.76	174
19.77	223
19.78	170
19.79	178
19.8	199
19.81	176
19.82	185
19.83	203
19.84	168
19.85	228
19.86	225
19.87	178
19.88	218
19.89	195
19.9	208
19.91	203
19.92	172
19.93	151
19.94	184
19.95	175
19.96	163
19.97	86
19.98	55
19.99	10
20.0	1349
20.01	10
20.02	59
20.03	117
20.04	134
20.05	169
20.06	172
20.07	180
20.08	191
20.09	192
20.1	186
20.11	245
20.12	193
20.13	234
20.14	211
20.15	170
20.16	220
20.17	177
20.18	226
20.19	208
20.2	198
20.21	184
20.22	246
20.23	153
20.24	195
20.25	228
20.26	190
20.27	213
20.28	216
20.29	229
20.3	210
20.31	221
20.32	167
20.33	244
20.34	222
20.35	188
20.36	217
20.37	219
20.38	187
20.39	201
20.4	175
20.41	226
20.42	232
20.43	215
20.44	240
20.45	306
20.46	121
20.47	227
20.48	217
20.49	228
20.5	213
20.51	241
20.52	170
20.53	228
20.54	214
20.55	247
20.56	229
20.57	237
20.58	194
20.59	268
20.6	201
20.61	226
20.62	192
20.63	295
20.64	145
20.65	264
20.66	221
20.67	213
20.68	212
20.69	318
20.7	187
20.71	249
20.72	222
20.73	222
20.74	223
20.75	252
20.76	146
20.77	241
20.78	233
20.79	230
20.8	243
20.81	260
20.82	204
20.83	370
20.84	114
20.85	218
20.86	275
20.87	194
20.88	228
20.89	180
20.9	280
20.91	222
20.92	268
20.93	265
20.94	200
20.95	236
20.96	210
20.97	241
20.98	211
20.99	232
21.0	218
21.01	256
21.02	202
21.03	211
21.04	196
21.05	399
21.06	132
21.07	224
21.08	241
21.09	255
21.1	222
21.11	234
21.12	221
21.13	253
21.14	225
21.15	251
21.16	183
21.17	239
21.18	259
21.19	230
21.2	224
21.21	297
21.22	211
21.23	238
21.24	231
21.25	228
21.26	273
21.27	205
21.28	254
21.29	262
21.3	252
21.31	261
21.32	253
21.33	287
21.34	207
21.35	242
21.36	241
21.37	241
21.38	242
21.39	229
21.4	234
21.41	214
21.42	122
21.43	488
21.44	151
21.45	221
21.46	232
21.47	222
21.48	286
21.49	206
21.5	254
21.51	289
21.52	259
21.53	219
21.54	269
21.55	238
21.56	210
21.57	236
21.58	269
21.59	249
21.6	277
21.61	217
21.62	318
21.63	200
21.64	251
21.65	255
21.66	249
21.67	276
21.68	236
21.69	281
21.7	259
21.71	279
21.72	201
21.73	191
21.74	360
21.75	205
21.76	248
21.77	271
21.78	222
21.79	287
21.8	200
21.81	203
21.82	215
21.83	255
21.84	252
21.85	254
21.86	232
21.87	124
21.88	402
21.89	240
21.9	306
21.91	219
21.92	266
21.93	253
21.94	274
21.95	293
21.96	224
21.97	293
21.98	236
21.99	263
22.0	254
22.01	229
22.02	235
22.03	281
22.04	199
22.05	229
22.06	257
22.07	235
22.08	284
22.09	264
22.1	223
22.11	246
22.12	277
22.13	211
22.14	248
22.15	274
22.16	252
22.17	197
22.18	210
22.19	237
22.2	185
22.21	100
22.22	788
22.23	40
22.24	149
22.25	235
22.26	229
22.27	245
22.28	209
22.29	260
22.3	263
22.31	228
22.32	225
22.33	234
22.34	255
22.35	257
22.36	244
22.37	248
22.38	245
22.39	281
22.4	232
22.41	277
22.42	225
22.43	236
22.44	251
22.45	249
22.46	248
22.47	240
22.48	214
22.49	230
22.5	238
22.51	228
22.52	263
22.53	199
22.54	306
22.55	229
22.56	225
22.57	219
22.58	300
22.59	198
22.6	258
22.61	221
22.62	246
22.63	247
22.64	257
22.65	188
22.66	233
22.67	272
22.68	213
22.69	251
22.7	253
22.71	197
22.72	138
22.73	359
22.74	196
22.75	264
22.76	213
22.77	211
22.78	267
22.79	198
22.8	202
22.81	249
22.82	219
22.83	274
22.84	203
22.85	175
22.86	285
22.87	234
22.88	253
22.89	254
22.9	219
22.91	210
22.92	240
22.93	199
22.94	239
22.95	265
22.96	266
22.97	238
22.98	238
22.99	247
23.0	230
23.01	218
23.02	238
23.03	239
23.04	207
23.05	209
23.06	177
23.07	80
23.08	520
23.09	147
23.1	190
23.11	239
23.12	187
23.13	254
23.14	210
23.15	218
23.16	225
23.17	213
23.18	204
23.19	223
23.2	209
23.21	251
23.22	180
23.23	253
23.24	239
23.25	139
23.26	255
23.27	205
23.28	224
23.29	212
23.3	208
23.31	199
23.32	223
23.33	290
23.34	148
23.35	188
23.36	246
23.37	196
23.38	217
23.39	205
23.4	245
23.41	167
23.42	224
23.43	196
23.44	248
23.45	172
23.46	209
23.47	202
23.48	214
23.49	195
23.5	231
23.51	180
23.52	141
23.53	404
23.54	154
23.55	185
23.56	206
23.57	240
23.58	213
23.59	123
23.6	229
23.61	227
23.62	233
23.63	181
23.64	227
23.65	206
23.66	229
23.67	189
23.68	293
23.69	140
23.7	212
23.71	214
23.72	212
23.73	197
23.74	190
23.75	197
23.76	194
23.77	205
23.78	192
23.79	181
23.8	148
23.81	283
23.82	151
23.83	174
23.84	204
23.85	212
23.86	189
23.87	172
23.88	175
23.89	173
23.9	187
23.91	227
23.92	177
23.93	170
23.94	194
23.95	187
23.96	200
23.97	213
23.98	186
23.99	180
24.0	223
24.01	141
24.02	182
24.03	197
24.04	192
24.05	186
24.06	171
24.07	210
24.08	148
24.09	199
24.1	213
24.11	191
24.12	193
24.13	164
24.14	226
24.15	190
24.16	159
24.17	183
24.18	210
24.19	200
24.2	189
24.21	175
24.22	201
24.23	164
24.24	225
24.25	156
24.26	227
24.27	137
24.28	178
24.29	199
24.3	159
24.31	183
24.32	252
24.33	129
24.34	176
24.35	176
24.36	179
24.37	143
24.38	162
24.39	189
24.4	176
24.41	142
24.42	178
24.43	162
24.44	217
24.45	137
24.46	166
24.47	140
24.48	178
24.49	156
24.5	173
24.51	170
24.52	171
24.53	192
24.54	133
24.55	164
24.56	163
24.57	155
24.58	167
24.59	167
24.6	152
24.61	133
24.62	195
24.63	174
24.64	163
24.65	157
24.66	182
24.67	145
24.68	194
24.69	150
24.7	149
24.71	172
24.72	160
24.73	160
24.74	146
24.75	166
24.76	138
24.77	151
24.78	144
24.79	155
24.8	147
24.81	153
24.82	174
24.83	184
24.84	209
24.85	158
24.86	175
24.87	146
24.88	169
24.89	142
24.9	138
24.91	143
24.92	154
24.93	134
24.94	137
24.95	112
24.96	98
24.97	70
24.98	29
24.99	4
25.0	1210
25.01	5
25.02	22
25.03	52
25.04	92
25.05	137
25.06	143
25.07	129
25.08	137
25.09	122
25.1	137
25.11	122
25.12	142
25.13	134
25.14	143
25.15	125
25.16	148
25.17	177
25.18	126
25.19	156
25.2	155
25.21	116
25.22	130
25.23	138
25.24	144
25.25	112
25.26	141
25.27	169
25.28	114
25.29	137
25.3	132
25.31	109
25.32	169
25.33	161
25.34	139
25.35	156
25.36	159
25.37	156
25.38	135
25.39	110
25.4	129
25.41	129
25.42	142
25.43	117
25.44	119
25.45	172
25.46	103
25.47	136
25.48	115
25.49	141
25.5	133
25.51	129
25.52	131
25.53	148
25.54	110
25.55	142
25.56	132
25.57	109
25.58	109
25.59	89
25.6	127
25.61	131
25.62	114
25.63	124
25.64	110
25.65	108
25.66	138
25.67	81
25.68	144
25.69	139
25.7	109
25.71	174
25.72	64
25.73	91
25.74	120
25.75	105
25.76	117
25.77	122
25.78	86
25.79	111
25.8	75
25.81	150
25.82	113
25.83	113
25.84	119
25.85	129
25.86	117
25.87	119
25.88	108
25.89	100
25.9	137
25.91	103
25.92	58
25.93	180
25.94	88
25.95	120
25.96	95
25.97	110
25.98	100
25.99	90
26.0	119
26.01	105
26.02	93
26.03	106
26.04	119
26.05	94
26.06	109
26.07	97
26.08	51
26.09	184
26.1	78
26.11	109
26.12	103
26.13	113
26.14	127
26.15	130
26.16	92
26.17	105
26.18	101
26.19	103
26.2	82
26.21	86
26.22	89
26.23	94
26.24	88
26.25	97
26.26	99
26.27	95
26.28	86
26.29	75
26.3	72
26.31	30
26.32	186
26.33	73
26.34	79
26.35	88
26.36	94
26.37	105
26.38	65
26.39	107
26.4	122
26.41	51
26.42	131
26.43	75
26.44	84
26.45	90
26.46	88
26.47	104
26.48	59
26.49	81
26.5	67
26.51	80
26.52	87
26.53	85
26.54	85
26.55	68
26.56	102
26.57	81
26.58	88
26.59	69
26.6	73
26.61	111
26.62	91
26.63	76
26.64	77
26.65	72
26.66	17
26.67	217
26.68	52
26.69	58
26.7	67
26.71	95
26.72	93
26.73	74
26.74	85
26.75	65
26.76	87
26.77	83
26.78	36
26.79	93
26.8	84
26.81	60
26.82	79
26.83	89
26.84	62
26.85	78
26.86	57
26.87	100
26.88	85
26.89	66
26.9	73
26.91	61
26.92	138
26.93	33
26.94	60
26.95	65
26.96	71
26.97	90
26.98	80
26.99	44
27.0	57
27.01	65
27.02	39
27.03	93
27.04	62
27.05	59
27.06	58
27.07	61
27.08	80
27.09	53
27.1	53
27.11	66
27.12	56
27.13	64
27.14	64
27.15	73
27.16	70
27.17	75
27.18	63
27.19	56
27.2	59
27.21	65
27.22	68
27.23	62
27.24	63
27.25	55
27.26	18
27.27	219
27.28	7
27.29	28
27.3	56
27.31	51
27.32	47
27.33	69
27.34	76
27.35	54
27.36	49
27.37	63
27.38	51
27.39	50
27.4	59
27.41	60
27.42	58
27.43	52
27.44	57
27.45	67
27.46	60
27.47	53
27.48	50
27.49	41
27.5	43
27.51	42
27.52	61
27.53	43
27.54	83
27.55	45
27.56	69
27.57	50
27.58	30
27.59	87
27.6	44
27.61	56
27.62	53
27.63	66
27.64	48
27.65	58
27.66	49
27.67	38
27.68	47
27.69	52
27.7	44
27.71	58
27.72	50
27.73	37
27.74	48
27.75	53
27.76	38
27.77	17
27.78	128
27.79	34
27.8	46
27.81	45
27.82	33
27.83	32
27.84	57
27.85	34
27.86	51
27.87	55
27.88	48
27.89	39
27.9	22
27.91	51
27.92	49
27.93	39
27.94	70
27.95	41
27.96	44
27.97	68
27.98	48
27.99	21
28.0	70
28.01	22
28.02	34
28.03	54
28.04	42
28.05	43
28.06	42
28.07	39
28.08	45
28.09	40
28.1	50
28.11	32
28.12	21
28.13	64
28.14	31
28.15	25
28.16	42
28.17	51
28.18	31
28.19	49
28.2	15
28.21	61
28.22	30
28.23	48
28.24	44
28.25	26
28.26	29
28.27	30
28.28	42
28.29	39
28.3	38
28.31	31
28.32	44
28.33	54
28.34	29
28.35	51
28.36	27
28.37	39
28.38	43
28.39	24
28.4	55
28.41	32
28.42	26
28.43	36
28.44	31
28.45	33
28.46	34
28.47	34
28.48	35
28.49	38
28.5	30
28.51	29
28.52	35
28.53	17
28.54	12
28.55	12
28.56	3
28.57	198
28.58	2
28.59	9
28.6	17
28.61	27
28.62	17
28.63	28
28.64	37
28.65	35
28.66	22
28.67	27
28.68	35
28.69	24
28.7	23
28.71	35
28.72	25
28.73	26
28.74	32
28.75	18
28.76	41
28.77	33
28.78	21
28.79	43
28.8	32
28.81	39
28.82	29
28.83	35
28.84	20
28.85	43
28.86	33
28.87	30
28.88	25
28.89	21
28.9	39
28.91	25
28.92	18
28.93	26
28.94	17
28.95	28
28.96	20
28.97	31
28.98	23
28.99	43
29.0	27
29.01	20
29.02	20
29.03	37
29.04	16
29.05	18
29.06	20
29.07	37
29.08	27
29.09	25
29.1	28
29.11	24
29.12	20
29.13	28
29.14	19
29.15	25
29.16	9
29.17	73
29.18	16
29.19	28
29.2	18
29.21	24
29.22	19
29.23	22
29.24	10
29.25	38
29.26	12
29.27	38
29.28	20
29.29	35
29.3	18
29.31	29
29.32	22
29.33	27
29.34	22
29.35	21
29.36	16
29.37	26
29.38	18
29.39	17
29.4	19
29.41	55
29.42	4
29.43	13
29.44	21
29.45	30
29.46	22
29.47	15
29.48	17
29.49	23
29.5	20
29.51	24
29.52	23
29.53	30
29.54	4
29.55	26
29.56	19
29.57	13
29.58	25
29.59	24
29.6	14
29.61	19
29.62	12
29.63	34
29.64	11
29.65	13
29.66	22
29.67	20
29.68	13
29.69	22
29.7	15
29.71	20
29.72	12
29.73	23
29.74	16
29.75	24
29.76	23
29.77	14
29.78	14
29.79	21
29.8	26
29.81	22
29.82	24
29.83	10
29.84	25
29.85	20
29.86	15
29.87	15
29.88	12
29.89	20
29.9	16
29.91	24
29.92	8
29.93	20
29.94	8
29.95	12
29.96	8
29.97	12
29.98	4
29.99	1
30.0	82
30.02	10
30.03	9
30.04	16
30.05	10
30.06	10
30.07	16
30.08	19
30.09	12
30.1	8
30.11	18
30.12	14
30.13	14
30.14	27
30.15	10
30.16	18
30.17	12
30.18	11
30.19	13
30.2	16
30.21	11
30.22	17
30.23	18
30.24	6
30.25	16
30.26	10
30.27	5
30.28	18
30.29	9
30.3	32
30.31	10
30.32	8
30.33	9
30.34	20
30.35	9
30.36	13
30.37	16
30.38	19
30.39	14
30.4	6
30.41	14
30.42	11
30.43	35
30.44	1
30.45	6
30.46	13
30.47	9
30.48	11
30.49	6
30.5	15
30.51	14
30.52	7
30.53	7
30.54	7
30.55	2
30.56	22
30.57	11
30.58	7
30.59	17
30.6	13
30.61	13
30.62	7
30.63	16
30.64	3
30.65	19
30.66	5
30.67	19
30.68	9
30.69	7
30.7	10
30.71	13
30.72	18
30.73	10
30.74	8
30.75	5
30.76	3
30.77	51
30.78	1
30.79	7
30.8	7
30.81	10
30.82	11
30.83	9
30.84	8
30.85	13
30.86	11
30.87	5
30.88	14
30.89	8
30.9	5
30.91	9
30.92	8
30.93	13
30.94	14
30.95	10
30.96	3
30.97	7
30.98	7
30.99	11
31.0	8
31.01	6
31.02	7
31.03	14
31.04	1
31.05	6
31.06	8
31.07	12
31.08	11
31.09	11
31.1	7
31.11	10
31.12	2
31.13	7
31.14	8
31.15	7
31.16	7
31.17	12
31.18	14
31.19	11
31.2	11
31.21	5
31.22	7
31.23	7
31.24	2
31.25	28
31.26	1
31.27	8
31.28	2
31.29	9
31.3	16
31.31	7
31.32	7
31.33	12
31.34	8
31.35	3
31.36	6
31.37	7
31.38	3
31.39	7
31.4	8
31.41	4
31.42	1
31.43	12
31.44	5
31.45	8
31.46	8
31.47	9
31.48	8
31.49	8
31.5	6
31.51	9
31.52	6
31.53	8
31.54	8
31.55	2
31.56	4
31.58	27
31.59	4
31.6	4
31.61	6
31.62	11
31.63	7
31.64	5
31.65	12
31.66	4
31.67	12
31.68	9
31.69	4
31.71	15
31.72	7
31.73	8
31.74	6
31.75	7
31.76	6
31.77	2
31.78	6
31.79	4
31.8	3
31.81	3
31.82	15
31.83	3
31.84	6
31.85	7
31.86	6
31.87	3
31.88	10
31.89	3
31.9	6
31.91	5
31.92	2
31.93	4
31.94	11
31.95	3
31.96	4
31.97	4
31.98	2
31.99	1
32.0	18
32.01	5
32.03	5
32.04	8
32.05	7
32.06	4
32.07	1
32.08	3
32.09	7
32.1	6
32.11	2
32.12	7
32.13	4
32.14	5
32.16	7
32.17	4
32.18	3
32.19	3
32.2	6
32.21	1
32.22	7
32.23	4
32.24	5
32.25	1
32.26	10
32.27	1
32.28	5
32.29	3
32.3	2
32.31	4
32.32	3
32.33	5
32.34	2
32.35	11
32.36	4
32.37	6
32.38	4
32.39	2
32.4	2
32.41	3
32.42	3
32.43	6
32.44	2
32.45	7
32.46	4
32.47	7
32.48	2
32.49	2
32.5	14
32.51	1
32.52	3
32.53	4
32.54	5
32.56	6
32.57	1
32.58	11
32.59	2
32.6	3
32.61	3
32.62	6
32.63	1
32.64	3
32.65	6
32.67	5
32.68	2
32.69	7
32.7	5
32.71	1
32.72	1
32.73	4
32.74	3
32.75	2
32.76	4
32.77	1
32.79	3
32.8	4
32.81	4
32.82	6
32.83	2
32.84	6
32.85	5
32.86	6
32.87	2
32.88	1
32.89	7
32.91	5
32.92	1
32.93	4
32.94	1
32.95	4
32.96	1
32.97	4
32.98	3
33.0	2
33.01	3
33.02	2
33.03	1
33.04	3
33.05	3
33.06	3
33.08	1
33.09	4
33.1	4
33.11	6
33.12	1
33.13	3
33.14	3
33.15	2
33.16	1
33.17	2
33.18	1
33.2	1
33.21	4
33.22	1
33.26	1
33.29	1
33.33	53
33.39	2
33.41	1
33.44	1
33.45	2
33.46	1
33.47	3
33.48	2
33.49	2
33.5	2
33.51	1
33.52	3
33.53	3
33.54	4
33.55	2
33.56	6
33.57	1
33.58	3
33.59	1
33.61	4
33.62	2
33.64	1
33.65	4
33.66	2
33.67	1
33.68	2
33.7	1
33.71	2
33.72	2
33.73	4
33.74	1
33.75	4
33.76	3
33.77	3
33.8	2
33.82	1
33.83	2
33.85	6
33.87	4
33.88	1
33.9	3
33.91	1
33.92	1
33.93	1
33.94	3
33.95	1
33.96	6
33.97	2
33.98	1
33.99	3
34.0	2
34.01	1
34.04	2
34.06	1
34.07	2
34.09	5
34.11	4
34.13	1
34.15	2
34.18	4
34.19	2
34.21	4
34.22	1
34.23	1
34.24	1
34.25	4
34.26	2
34.27	2
34.29	3
34.31	1
34.32	4
34.33	2
34.34	1
34.35	3
34.38	2
34.39	1
34.41	2
34.42	2
34.43	2
34.45	1
34.46	1
34.48	3
34.49	1
34.5	1
34.52	5
34.55	4
34.56	1
34.57	3
34.58	2
34.59	1
34.6	1
34.62	2
34.63	1
34.65	1
34.68	1
34.69	1
34.7	1
34.71	1
34.75	2
34.76	2
34.78	4
34.82	1
34.83	1
34.86	1
34.87	1
34.88	3
34.9	1
34.91	1
34.92	4
34.94	1
34.96	1
34.97	3
34.98	2
35.0	5
35.03	1
35.04	2
35.06	2
35.09	4
35.12	1
35.14	1
35.19	1
35.24	1
35.25	1
35.27	1
35.29	3
35.33	1
35.37	2
35.38	1
35.4	1
35.42	2
35.43	2
35.44	1
35.48	4
35.53	2
35.56	3
35.59	3
35.65	2
35.69	1
35.76	1
35.77	1
35.79	1
35.8	1
35.82	1
35.85	1
35.88	1
35.9	5
35.96	1
36.0	1
36.03	2
36.05	1
36.07	1
36.11	1
36.12	1
36.14	1
36.22	1
36.23	2
36.31	1
36.32	1
36.36	5
36.47	1
36.49	5
36.54	1
36.55	1
36.56	1
36.57	1
36.61	1
36.67	1
36.73	1
36.77	1
36.78	2
36.79	1
36.8	1
36.84	6
36.92	1
36.94	1
37.14	2
37.16	1
37.17	1
37.18	2
37.25	1
37.29	1
37.31	1
37.34	2
37.36	1
37.42	1
37.43	1
37.5	2
37.62	1
37.66	1
37.68	1
37.69	1
37.88	1
37.93	2
38.16	1
38.17	1
38.22	1
38.3	2
38.41	1
38.46	1
38.57	2
38.93	1
39.02	1
39.1	1
39.19	1
39.24	1
39.31	1
39.33	1
39.46	1
39.71	1
39.8	1
39.81	1
39.84	1
39.86	2
39.98	1
40.0	1
40.28	1
40.38	1
40.63	1
40.71	1
40.98	1
41.46	2
41.79	1
42.55	1
42.86	1
44.07	1
