-14.87	1
-13.95	1
-11.76	1
-10.74	1
-10.05	1
-9.6	1
-9.45	1
-9.33	1
-9.31	1
-9.09	1
-8.87	2
-8.85	1
-8.65	1
-8.63	1
-8.51	1
-8.4	1
-8.37	2
-8.33	1
-8.24	1
-8.21	2
-8.2	1
-8.17	1
-8.14	1
-8.13	1
-8.08	1
-7.98	1
-7.91	1
-7.89	1
-7.88	1
-7.87	1
-7.85	1
-7.8	1
-7.78	1
-7.73	1
-7.72	1
-7.69	3
-7.62	1
-7.58	2
-7.5	1
-7.46	1
-7.44	1
-7.41	2
-7.36	1
-7.35	1
-7.33	1
-7.32	1
-7.31	1
-7.24	3
-7.21	2
-7.2	2
-7.16	1
-7.14	1
-7.13	1
-7.12	1
-7.1	1
-7.08	1
-7.02	3
-6.98	1
-6.97	1
-6.95	1
-6.94	1
-6.93	2
-6.92	1
-6.91	2
-6.9	1
-6.89	1
-6.88	1
-6.87	1
-6.84	1
-6.83	1
-6.82	1
-6.79	1
-6.78	3
-6.77	1
-6.74	1
-6.73	3
-6.72	2
-6.63	2
-6.62	1
-6.6	1
-6.59	4
-6.58	2
-6.57	1
-6.55	2
-6.53	1
-6.49	1
-6.48	2
-6.46	1
-6.43	1
-6.41	1
-6.38	2
-6.37	1
-6.34	2
-6.32	2
-6.31	1
-6.3	4
-6.29	3
-6.28	3
-6.27	2
-6.26	1
-6.25	5
-6.22	2
-6.21	2
-6.2	5
-6.19	1
-6.18	2
-6.17	1
-6.16	2
-6.15	2
-6.13	1
-6.12	2
-6.11	2
-6.09	1
-6.08	4
-6.07	2
-6.05	1
-6.02	4
-6.01	2
-6.0	2
-5.99	6
-5.97	3
-5.96	3
-5.95	4
-5.94	1
-5.92	2
-5.91	4
-5.9	7
-5.89	2
-5.88	2
-5.87	2
-5.85	4
-5.84	5
-5.83	4
-5.82	3
-5.81	3
-5.79	2
-5.78	1
-5.77	2
-5.76	2
-5.75	6
-5.74	3
-5.73	2
-5.72	2
-5.71	4
-5.7	2
-5.69	5
-5.68	1
-5.67	4
-5.65	3
-5.64	1
-5.63	1
-5.62	3
-5.61	2
-5.6	3
-5.59	3
-5.58	1
-5.56	6
-5.54	2
-5.53	6
-5.52	2
-5.51	1
-5.5	1
-5.49	3
-5.48	2
-5.47	4
-5.46	3
-5.45	3
-5.44	2
-5.43	7
-5.42	2
-5.41	3
-5.4	1
-5.38	3
-5.37	3
-5.36	4
-5.35	1
-5.34	1
-5.33	3
-5.32	4
-5.31	3
-5.3	3
-5.29	3
-5.28	5
-5.27	3
-5.26	2
-5.25	3
-5.24	1
-5.23	4
-5.22	4
-5.21	3
-5.2	1
-5.19	2
-5.18	1
-5.17	3
-5.16	3
-5.15	1
-5.14	1
-5.13	5
-5.12	1
-5.11	4
-5.1	2
-5.08	2
-5.07	2
-5.06	2
-5.05	3
-5.04	4
-5.03	2
-5.01	3
-5.0	4
-4.99	1
-4.98	5
-4.97	1
-4.96	3
-4.95	5
-4.93	5
-4.92	3
-4.91	1
-4.9	5
-4.89	6
-4.88	4
-4.86	3
-4.85	2
-4.84	2
-4.83	3
-4.82	3
-4.81	2
-4.8	1
-4.79	1
-4.78	5
-4.77	3
-4.76	6
-4.75	6
-4.74	3
-4.73	4
-4.71	3
-4.7	9
-4.69	2
-4.68	1
-4.67	8
-4.66	1
-4.65	6
-4.64	6
-4.63	3
-4.62	6
-4.61	10
-4.6	2
-4.59	4
-4.58	6
-4.57	4
-4.56	4
-4.55	6
-4.54	1
-4.53	6
-4.52	7
-4.51	3
-4.5	3
-4.49	5
-4.48	5
-4.47	8
-4.46	6
-4.45	4
-4.44	6
-4.43	5
-4.42	4
-4.41	4
-4.4	7
-4.39	1
-4.38	7
-4.37	3
-4.36	3
-4.35	5
-4.34	5
-4.32	1
-4.31	6
-4.3	4
-4.29	4
-4.28	1
-4.27	1
-4.26	7
-4.25	1
-4.24	5
-4.23	5
-4.22	4
-4.21	5
-4.2	2
-4.19	4
-4.18	5
-4.17	9
-4.16	3
-4.15	5
-4.14	3
-4.13	8
-4.12	11
-4.11	5
-4.1	5
-4.09	11
-4.08	4
-4.07	11
-4.06	3
-4.05	4
-4.04	7
-4.03	5
-4.02	7
-4.01	7
-4.0	6
-3.99	7
-3.98	3
-3.97	3
-3.96	5
-3.95	10
-3.94	7
-3.93	7
-3.92	9
-3.91	7
-3.9	7
-3.89	3
-3.88	6
-3.87	7
-3.86	5
-3.85	17
-3.84	4
-3.83	5
-3.82	9
-3.81	7
-3.8	1
-3.79	6
-3.78	14
-3.77	11
-3.76	11
-3.75	2
-3.74	5
-3.73	9
-3.72	11
-3.71	2
-3.7	6
-3.69	8
-3.68	10
-3.67	5
-3.66	7
-3.65	9
-3.64	4
-3.63	8
-3.62	10
-3.61	13
-3.6	4
-3.59	7
-3.58	8
-3.57	8
-3.56	8
-3.55	9
-3.54	6
-3.53	13
-3.52	5
-3.51	5
-3.5	6
-3.49	7
-3.48	11
-3.47	7
-3.46	9
-3.45	6
-3.44	8
-3.43	6
-3.42	11
-3.41	12
-3.4	9
-3.39	5
-3.38	11
-3.37	4
-3.36	8
-3.35	5
-3.34	4
-3.33	14
-3.32	4
-3.31	10
-3.3	10
-3.29	6
-3.28	5
-3.27	12
-3.26	7
-3.25	9
-3.24	10
-3.23	5
-3.22	4
-3.21	10
-3.2	7
-3.19	10
-3.18	7
-3.17	8
-3.16	13
-3.15	8
-3.14	6
-3.13	9
-3.12	1
-3.11	6
-3.1	7
-3.09	10
-3.08	5
-3.07	3
-3.06	11
-3.05	11
-3.04	8
-3.03	7
-3.02	6
-3.01	12
-3.0	8
-2.99	16
-2.98	9
-2.97	14
-2.96	11
-2.95	6
-2.94	11
-2.93	17
-2.92	20
-2.91	15
-2.9	13
-2.89	7
-2.88	15
-2.87	13
-2.86	16
-2.85	4
-2.84	11
-2.83	13
-2.82	15
-2.81	16
-2.8	12
-2.79	17
-2.78	20
-2.77	14
-2.76	21
-2.75	10
-2.74	15
-2.73	11
-2.72	12
-2.71	12
-2.7	12
-2.69	17
-2.68	22
-2.67	18
-2.66	10
-2.65	21
-2.64	13
-2.63	22
-2.62	23
-2.61	17
-2.6	25
-2.59	21
-2.58	19
-2.57	8
-2.56	29
-2.55	12
-2.54	4
-2.53	22
-2.52	15
-2.51	20
-2.5	15
-2.49	8
-2.48	17
-2.47	8
-2.46	14
-2.45	9
-2.44	7
-2.43	13
-2.42	16
-2.41	12
-2.4	17
-2.39	10
-2.38	17
-2.37	15
-2.36	19
-2.35	18
-2.34	10
-2.33	18
-2.32	14
-2.31	8
-2.3	16
-2.29	11
-2.28	9
-2.27	16
-2.26	15
-2.25	14
-2.24	21
-2.23	16
-2.22	14
-2.21	17
-2.2	16
-2.19	15
-2.18	13
-2.17	14
-2.16	17
-2.15	8
-2.14	16
-2.13	14
-2.12	11
-2.11	18
-2.1	17
-2.09	9
-2.08	23
-2.07	15
-2.06	16
-2.05	13
-2.04	17
-2.03	16
-2.02	20
-2.01	21
-2.0	22
-1.99	11
-1.98	14
-1.97	13
-1.96	13
-1.95	20
-1.94	19
-1.93	13
-1.92	14
-1.91	19
-1.9	10
-1.89	13
-1.88	12
-1.87	13
-1.86	18
-1.85	9
-1.84	19
-1.83	10
-1.82	14
-1.81	18
-1.8	11
-1.79	12
-1.78	14
-1.77	14
-1.76	18
-1.75	18
-1.74	17
-1.73	16
-1.72	19
-1.71	20
-1.7	10
-1.69	17
-1.68	18
-1.67	19
-1.66	12
-1.65	15
-1.64	11
-1.63	16
-1.62	12
-1.61	13
-1.6	17
-1.59	20
-1.58	12
-1.57	10
-1.56	18
-1.55	14
-1.54	14
-1.53	18
-1.52	13
-1.51	13
-1.5	21
-1.49	16
-1.48	14
-1.47	15
-1.46	13
-1.45	14
-1.44	11
-1.43	17
-1.42	15
-1.41	16
-1.4	15
-1.39	17
-1.38	16
-1.37	19
-1.36	18
-1.35	23
-1.34	11
-1.33	14
-1.32	8
-1.31	9
-1.3	18
-1.29	15
-1.28	14
-1.27	16
-1.26	12
-1.25	17
-1.24	15
-1.23	12
-1.22	16
-1.21	12
-1.2	11
-1.19	14
-1.18	10
-1.17	10
-1.16	9
-1.15	13
-1.14	7
-1.13	9
-1.12	9
-1.11	16
-1.1	17
-1.09	17
-1.08	20
-1.07	19
-1.06	26
-1.05	10
-1.04	14
-1.03	13
-1.02	17
-1.01	15
-1.0	21
-0.99	16
-0.98	13
-0.97	13
-0.96	20
-0.95	21
-0.94	18
-0.93	15
-0.92	12
-0.91	18
-0.9	16
-0.89	14
-0.88	15
-0.87	14
-0.86	17
-0.85	20
-0.84	27
-0.83	20
-0.82	24
-0.81	22
-0.8	21
-0.79	17
-0.78	15
-0.77	17
-0.76	12
-0.75	21
-0.74	13
-0.73	21
-0.72	18
-0.71	15
-0.7	15
-0.69	12
-0.68	15
-0.67	11
-0.66	18
-0.65	12
-0.64	12
-0.63	12
-0.62	20
-0.61	8
-0.6	12
-0.59	12
-0.58	12
-0.57	15
-0.56	12
-0.55	17
-0.54	9
-0.53	11
-0.52	9
-0.51	12
-0.5	8
-0.49	14
-0.48	17
-0.47	14
-0.46	11
-0.45	9
-0.44	18
-0.43	17
-0.42	11
-0.41	16
-0.4	13
-0.39	12
-0.38	5
-0.37	11
-0.36	12
-0.35	6
-0.34	10
-0.33	9
-0.32	15
-0.31	7
-0.3	11
-0.29	9
-0.28	5
-0.27	15
-0.26	18
-0.25	8
-0.24	11
-0.23	15
-0.22	20
-0.21	21
-0.2	13
-0.19	10
-0.18	7
-0.17	7
-0.16	8
-0.15	8
-0.14	5
-0.13	9
-0.12	7
-0.11	3
-0.1	7
-0.09	5
-0.08	1
-0.07	2
-0.06	2
-0.03	2
0.0	261
0.07	1
0.08	1
0.09	8
0.1	26
0.11	10
0.12	10
0.13	9
0.14	6
0.15	13
0.16	3
0.17	5
0.18	7
0.19	17
0.2	9
0.21	12
0.22	16
0.23	10
0.24	14
0.25	8
0.26	9
0.27	5
0.28	11
0.29	17
0.3	4
0.31	9
0.32	11
0.33	6
0.34	8
0.35	5
0.36	9
0.37	12
0.38	8
0.39	6
0.4	12
0.41	8
0.42	8
0.43	16
0.44	8
0.45	9
0.46	7
0.47	11
0.48	11
0.49	7
0.5	18
0.51	9
0.52	7
0.53	5
0.54	6
0.55	13
0.56	9
0.57	8
0.58	7
0.59	5
0.6	10
0.61	12
0.62	8
0.63	9
0.64	12
0.65	4
0.66	1
0.67	2
0.68	12
0.69	10
0.7	7
0.71	8
0.72	9
0.73	7
0.74	5
0.75	13
0.76	5
0.77	12
0.78	9
0.79	9
0.8	9
0.81	5
0.82	9
0.83	7
0.84	4
0.85	9
0.86	7
0.87	6
0.88	5
0.89	7
0.9	9
0.91	8
0.92	10
0.93	5
0.94	6
0.95	8
0.96	9
0.97	13
0.98	8
0.99	6
1.0	13
1.01	9
1.02	9
1.03	11
1.04	9
1.05	8
1.06	11
1.07	4
1.08	13
1.09	12
1.1	12
1.11	9
1.12	8
1.13	15
1.14	11
1.15	14
1.16	13
1.17	11
1.18	7
1.19	10
1.2	13
1.21	5
1.22	11
1.23	6
1.24	9
1.25	8
1.26	11
1.27	9
1.28	9
1.29	5
1.3	8
1.31	8
1.32	4
1.33	5
1.34	3
1.35	4
1.36	9
1.37	7
1.38	4
1.39	2
1.4	6
1.41	6
1.42	4
1.43	8
1.44	7
1.45	7
1.46	5
1.47	6
1.48	5
1.49	4
1.5	5
1.51	3
1.52	4
1.53	6
1.54	6
1.55	7
1.56	4
1.57	8
1.58	6
1.59	3
1.6	4
1.61	6
1.62	4
1.63	11
1.64	7
1.65	5
1.66	6
1.67	10
1.68	6
1.69	4
1.7	3
1.71	4
1.72	4
1.73	7
1.74	7
1.75	7
1.76	2
1.77	1
1.78	4
1.79	6
1.8	5
1.81	4
1.82	4
1.83	6
1.84	4
1.85	1
1.86	2
1.87	2
1.88	7
1.89	5
1.9	4
1.91	4
1.92	7
1.93	7
1.94	5
1.95	3
1.96	3
1.97	3
1.98	4
1.99	6
2.0	7
2.01	2
2.02	10
2.03	5
2.04	5
2.05	4
2.06	6
2.07	3
2.08	6
2.09	4
2.1	3
2.11	3
2.12	3
2.13	6
2.14	8
2.15	2
2.16	4
2.17	3
2.18	5
2.19	6
2.2	2
2.21	4
2.22	4
2.23	1
2.24	5
2.25	4
2.26	3
2.27	1
2.29	1
2.3	4
2.31	2
2.32	5
2.33	4
2.34	4
2.35	1
2.36	4
2.37	1
2.38	3
2.39	2
2.4	1
2.41	2
2.42	2
2.44	4
2.45	1
2.46	2
2.47	3
2.48	4
2.5	1
2.51	2
2.52	1
2.53	1
2.54	2
2.55	4
2.56	3
2.57	1
2.58	4
2.59	3
2.6	2
2.61	3
2.62	6
2.64	2
2.65	6
2.66	2
2.67	3
2.68	4
2.7	2
2.71	2
2.72	2
2.73	3
2.75	1
2.76	5
2.77	1
2.78	2
2.79	1
2.8	3
2.82	1
2.84	2
2.85	2
2.86	3
2.87	2
2.88	1
2.89	3
2.91	1
2.92	1
2.93	2
2.95	3
2.98	2
2.99	3
3.0	4
3.01	2
3.03	3
3.05	1
3.06	1
3.07	1
3.08	2
3.09	2
3.1	2
3.11	2
3.13	2
3.14	1
3.15	1
3.16	1
3.19	1
3.2	1
3.21	1
3.23	2
3.25	1
3.27	3
3.29	2
3.3	1
3.31	2
3.32	1
3.33	2
3.34	1
3.38	1
3.39	1
3.42	1
3.47	1
3.49	1
3.5	1
3.51	1
3.52	1
3.53	1
3.54	2
3.55	1
3.61	1
3.64	1
3.66	4
3.67	1
3.68	2
3.7	1
3.73	1
3.75	2
3.77	3
3.79	1
3.8	1
3.81	1
3.82	2
3.83	2
3.85	3
3.88	1
3.9	2
3.92	1
3.95	2
3.96	2
3.97	2
3.98	3
4.04	3
4.17	3
4.18	1
4.2	2
4.23	1
4.26	1
4.31	1
4.32	1
4.41	1
4.45	1
4.49	1
4.5	1
4.55	3
4.58	1
4.61	1
4.66	1
4.67	1
4.69	1
4.76	1
4.82	2
4.83	1
4.84	1
4.89	1
4.92	1
4.95	1
4.96	2
4.98	1
5.04	1
5.08	2
5.11	1
5.13	1
5.14	2
5.15	1
5.17	2
5.19	1
5.2	1
5.25	1
5.44	1
5.6	1
5.71	1
5.98	1
6.52	1
6.57	1
6.87	1
7.25	1
8.0	1
