-18.06	1
-16.43	1
-16.03	1
-15.82	1
-15.75	2
-15.67	1
-15.65	1
-15.14	1
-15.0	1
-14.77	1
-14.67	1
-14.65	2
-14.52	1
-14.38	1
-14.36	1
-14.32	2
-14.29	2
-14.22	1
-14.21	1
-14.18	1
-14.03	1
-13.84	1
-13.66	1
-13.59	1
-13.46	1
-13.45	1
-13.44	1
-13.38	1
-13.33	1
-13.26	2
-13.25	1
-13.06	1
-12.99	1
-12.9	1
-12.73	1
-12.67	1
-12.66	1
-12.65	1
-12.64	1
-12.59	1
-12.54	1
-12.46	1
-12.35	1
-12.27	1
-12.25	1
-12.2	1
-12.15	1
-12.12	1
-12.09	1
-12.08	1
-11.98	1
-11.96	1
-11.94	1
-11.87	1
-11.86	1
-11.82	1
-11.76	1
-11.68	1
-11.63	1
-11.59	1
-11.56	1
-11.54	1
-11.53	1
-11.5	1
-11.48	1
-11.45	1
-11.43	1
-11.41	1
-11.36	1
-11.3	1
-11.27	1
-11.25	1
-11.24	2
-11.16	1
-11.11	1
-11.07	1
-11.01	1
-10.94	1
-10.93	2
-10.91	1
-10.89	1
-10.86	2
-10.82	1
-10.78	1
-10.77	1
-10.75	1
-10.73	1
-10.71	2
-10.67	1
-10.62	1
-10.59	1
-10.58	1
-10.57	1
-10.55	2
-10.54	1
-10.53	3
-10.51	2
-10.49	1
-10.48	1
-10.47	1
-10.46	1
-10.45	1
-10.41	2
-10.4	1
-10.39	1
-10.38	1
-10.37	1
-10.36	2
-10.35	1
-10.29	1
-10.26	1
-10.24	1
-10.22	1
-10.21	1
-10.18	2
-10.17	1
-10.14	1
-10.1	2
-10.08	1
-10.07	1
-10.06	1
-10.04	1
-10.03	1
-10.02	2
-10.0	2
-9.97	1
-9.96	1
-9.94	2
-9.93	1
-9.91	1
-9.84	1
-9.83	2
-9.82	1
-9.8	1
-9.77	1
-9.73	2
-9.72	1
-9.71	1
-9.69	1
-9.68	2
-9.66	1
-9.65	1
-9.64	1
-9.63	1
-9.61	1
-9.6	1
-9.59	1
-9.57	1
-9.56	2
-9.54	2
-9.52	1
-9.51	2
-9.49	1
-9.48	1
-9.46	1
-9.45	2
-9.44	1
-9.42	1
-9.41	2
-9.4	4
-9.39	1
-9.38	2
-9.36	1
-9.35	3
-9.33	1
-9.32	2
-9.29	2
-9.28	3
-9.26	1
-9.25	1
-9.24	3
-9.22	1
-9.21	1
-9.2	6
-9.19	2
-9.17	1
-9.15	2
-9.14	1
-9.13	2
-9.12	1
-9.11	2
-9.1	1
-9.09	7
-9.06	1
-9.05	2
-9.02	1
-9.01	2
-9.0	2
-8.97	3
-8.96	2
-8.94	2
-8.93	2
-8.92	1
-8.91	2
-8.9	1
-8.88	2
-8.87	1
-8.86	2
-8.85	2
-8.84	1
-8.83	1
-8.82	2
-8.81	1
-8.8	2
-8.79	2
-8.78	2
-8.77	1
-8.75	3
-8.74	1
-8.72	2
-8.71	4
-8.7	2
-8.69	1
-8.68	2
-8.67	2
-8.65	1
-8.63	3
-8.61	1
-8.6	2
-8.59	1
-8.58	1
-8.57	3
-8.56	3
-8.55	4
-8.54	3
-8.53	3
-8.52	2
-8.51	2
-8.5	5
-8.49	1
-8.48	1
-8.47	1
-8.46	3
-8.45	3
-8.44	1
-8.43	2
-8.42	3
-8.41	3
-8.4	4
-8.39	2
-8.38	1
-8.37	1
-8.34	1
-8.33	6
-8.32	1
-8.31	1
-8.29	4
-8.28	3
-8.26	3
-8.24	4
-8.22	1
-8.2	3
-8.19	2
-8.18	2
-8.17	3
-8.16	3
-8.15	5
-8.14	3
-8.13	3
-8.12	4
-8.11	2
-8.1	3
-8.09	1
-8.08	1
-8.06	6
-8.05	3
-8.04	6
-8.03	3
-8.02	5
-8.01	3
-8.0	2
-7.99	2
-7.98	4
-7.97	1
-7.96	8
-7.95	4
-7.94	2
-7.93	3
-7.92	6
-7.91	2
-7.9	1
-7.89	3
-7.88	3
-7.87	4
-7.86	2
-7.85	2
-7.84	5
-7.83	4
-7.82	3
-7.8	3
-7.79	4
-7.78	2
-7.77	2
-7.76	2
-7.75	8
-7.74	4
-7.73	7
-7.72	1
-7.71	3
-7.7	1
-7.69	6
-7.68	1
-7.67	5
-7.66	4
-7.65	3
-7.64	4
-7.63	1
-7.61	4
-7.6	4
-7.59	6
-7.58	2
-7.57	2
-7.56	3
-7.55	4
-7.54	2
-7.53	4
-7.52	8
-7.51	4
-7.5	5
-7.49	3
-7.48	2
-7.47	2
-7.46	4
-7.44	2
-7.43	4
-7.42	3
-7.41	8
-7.39	1
-7.38	3
-7.37	4
-7.36	5
-7.35	5
-7.34	3
-7.33	4
-7.32	4
-7.31	1
-7.3	5
-7.29	3
-7.28	1
-7.27	7
-7.26	5
-7.25	6
-7.24	4
-7.23	4
-7.22	3
-7.21	1
-7.2	2
-7.19	6
-7.18	4
-7.17	5
-7.16	2
-7.14	7
-7.13	3
-7.11	3
-7.1	3
-7.09	5
-7.08	5
-7.07	4
-7.06	3
-7.05	6
-7.04	2
-7.03	1
-7.02	4
-7.01	7
-7.0	7
-6.99	4
-6.98	5
-6.97	2
-6.96	1
-6.95	6
-6.94	4
-6.93	8
-6.92	6
-6.91	4
-6.9	7
-6.89	3
-6.88	4
-6.87	4
-6.86	8
-6.85	4
-6.84	3
-6.83	4
-6.82	5
-6.81	8
-6.8	8
-6.79	7
-6.78	7
-6.77	6
-6.76	5
-6.75	6
-6.74	6
-6.73	3
-6.72	5
-6.71	6
-6.7	5
-6.69	5
-6.68	2
-6.67	11
-6.65	6
-6.64	4
-6.63	5
-6.62	8
-6.61	1
-6.6	5
-6.59	8
-6.58	8
-6.57	7
-6.56	6
-6.55	3
-6.54	11
-6.53	6
-6.52	2
-6.51	3
-6.5	11
-6.49	9
-6.48	2
-6.47	7
-6.46	4
-6.45	6
-6.44	4
-6.43	5
-6.42	9
-6.41	6
-6.4	6
-6.39	3
-6.38	7
-6.37	4
-6.36	8
-6.35	7
-6.34	8
-6.33	7
-6.32	6
-6.31	8
-6.3	4
-6.29	10
-6.28	3
-6.27	7
-6.26	2
-6.25	16
-6.23	5
-6.22	8
-6.21	8
-6.2	5
-6.19	12
-6.18	8
-6.17	10
-6.16	6
-6.15	8
-6.14	10
-6.13	10
-6.12	7
-6.11	5
-6.1	9
-6.09	9
-6.08	9
-6.07	5
-6.06	6
-6.05	9
-6.04	5
-6.03	12
-6.02	11
-6.01	7
-6.0	13
-5.99	9
-5.98	7
-5.97	8
-5.96	11
-5.95	16
-5.94	10
-5.93	8
-5.92	8
-5.91	13
-5.9	8
-5.89	1
-5.88	15
-5.87	11
-5.86	6
-5.85	8
-5.84	10
-5.83	11
-5.82	6
-5.81	9
-5.8	11
-5.79	12
-5.78	6
-5.77	14
-5.76	15
-5.75	6
-5.74	6
-5.73	8
-5.72	6
-5.71	8
-5.7	10
-5.69	6
-5.68	10
-5.67	10
-5.66	7
-5.65	10
-5.64	7
-5.63	7
-5.62	5
-5.61	9
-5.6	8
-5.59	15
-5.58	4
-5.57	5
-5.56	21
-5.55	5
-5.54	6
-5.53	11
-5.52	8
-5.51	9
-5.5	10
-5.49	15
-5.48	6
-5.47	6
-5.46	5
-5.45	19
-5.44	9
-5.43	19
-5.42	5
-5.41	10
-5.4	3
-5.39	9
-5.38	10
-5.37	9
-5.36	16
-5.35	9
-5.34	9
-5.33	11
-5.32	18
-5.31	16
-5.3	11
-5.29	15
-5.28	13
-5.27	6
-5.26	23
-5.25	7
-5.24	13
-5.23	15
-5.22	11
-5.21	10
-5.2	8
-5.19	10
-5.18	5
-5.17	14
-5.16	7
-5.15	10
-5.14	5
-5.13	25
-5.12	8
-5.11	11
-5.1	10
-5.09	4
-5.08	16
-5.07	14
-5.06	14
-5.05	9
-5.04	17
-5.03	15
-5.02	12
-5.01	15
-5.0	29
-4.99	5
-4.98	9
-4.97	10
-4.96	16
-4.95	20
-4.94	9
-4.93	15
-4.92	12
-4.91	7
-4.9	17
-4.89	13
-4.88	14
-4.87	11
-4.86	10
-4.85	21
-4.84	15
-4.83	8
-4.82	17
-4.81	9
-4.8	8
-4.79	8
-4.78	15
-4.77	14
-4.76	20
-4.75	13
-4.74	10
-4.73	20
-4.72	13
-4.71	17
-4.7	18
-4.69	10
-4.68	11
-4.67	10
-4.66	6
-4.65	19
-4.64	17
-4.63	17
-4.62	16
-4.61	20
-4.6	14
-4.59	12
-4.58	12
-4.57	8
-4.56	12
-4.55	25
-4.54	8
-4.53	8
-4.52	15
-4.51	14
-4.5	7
-4.49	12
-4.48	15
-4.47	10
-4.46	17
-4.45	9
-4.44	22
-4.43	10
-4.42	18
-4.41	17
-4.4	15
-4.39	11
-4.38	19
-4.37	7
-4.36	11
-4.35	23
-4.34	6
-4.33	12
-4.32	23
-4.31	26
-4.3	17
-4.29	13
-4.28	13
-4.27	19
-4.26	17
-4.25	11
-4.24	10
-4.23	16
-4.22	10
-4.21	18
-4.2	15
-4.19	18
-4.18	12
-4.17	27
-4.16	13
-4.15	10
-4.14	17
-4.13	16
-4.12	13
-4.11	11
-4.1	23
-4.09	20
-4.08	17
-4.07	27
-4.06	9
-4.05	22
-4.04	27
-4.03	17
-4.02	10
-4.01	13
-4.0	12
-3.99	13
-3.98	16
-3.97	27
-3.96	14
-3.95	17
-3.94	16
-3.93	22
-3.92	23
-3.91	21
-3.9	16
-3.89	18
-3.88	16
-3.87	17
-3.86	14
-3.85	28
-3.84	7
-3.83	17
-3.82	19
-3.81	19
-3.8	17
-3.79	16
-3.78	23
-3.77	14
-3.76	20
-3.75	21
-3.74	26
-3.73	19
-3.72	18
-3.71	10
-3.7	31
-3.69	18
-3.68	14
-3.67	17
-3.66	17
-3.65	23
-3.64	22
-3.63	15
-3.62	24
-3.61	15
-3.6	26
-3.59	27
-3.58	22
-3.57	32
-3.56	14
-3.55	24
-3.54	21
-3.53	20
-3.52	17
-3.51	19
-3.5	15
-3.49	17
-3.48	22
-3.47	21
-3.46	19
-3.45	21
-3.44	18
-3.43	19
-3.42	32
-3.41	22
-3.4	24
-3.39	26
-3.38	15
-3.37	22
-3.36	32
-3.35	16
-3.34	11
-3.33	26
-3.32	16
-3.31	30
-3.3	21
-3.29	25
-3.28	19
-3.27	20
-3.26	23
-3.25	20
-3.24	22
-3.23	21
-3.22	16
-3.21	34
-3.2	23
-3.19	19
-3.18	20
-3.17	18
-3.16	25
-3.15	20
-3.14	35
-3.13	31
-3.12	10
-3.11	24
-3.1	20
-3.09	21
-3.08	16
-3.07	26
-3.06	22
-3.05	31
-3.04	26
-3.03	35
-3.02	23
-3.01	24
-3.0	26
-2.99	27
-2.98	24
-2.97	25
-2.96	32
-2.95	22
-2.94	21
-2.93	25
-2.92	26
-2.91	19
-2.9	27
-2.89	28
-2.88	29
-2.87	20
-2.86	41
-2.85	15
-2.84	27
-2.83	36
-2.82	30
-2.81	26
-2.8	20
-2.79	23
-2.78	25
-2.77	23
-2.76	27
-2.75	24
-2.74	29
-2.73	28
-2.72	29
-2.71	29
-2.7	25
-2.69	20
-2.68	33
-2.67	31
-2.66	18
-2.65	39
-2.64	19
-2.63	30
-2.62	30
-2.61	26
-2.6	20
-2.59	25
-2.58	26
-2.57	23
-2.56	41
-2.55	17
-2.54	33
-2.53	26
-2.52	23
-2.51	15
-2.5	23
-2.49	33
-2.48	23
-2.47	25
-2.46	23
-2.45	31
-2.44	27
-2.43	19
-2.42	35
-2.41	31
-2.4	25
-2.39	28
-2.38	33
-2.37	28
-2.36	22
-2.35	27
-2.34	28
-2.33	24
-2.32	17
-2.31	28
-2.3	23
-2.29	20
-2.28	21
-2.27	30
-2.26	20
-2.25	33
-2.24	25
-2.23	29
-2.22	32
-2.21	29
-2.2	32
-2.19	36
-2.18	39
-2.17	39
-2.16	38
-2.15	32
-2.14	34
-2.13	38
-2.12	28
-2.11	36
-2.1	28
-2.09	23
-2.08	35
-2.07	32
-2.06	33
-2.05	21
-2.04	30
-2.03	32
-2.02	28
-2.01	28
-2.0	34
-1.99	31
-1.98	24
-1.97	42
-1.96	24
-1.95	33
-1.94	31
-1.93	25
-1.92	30
-1.91	26
-1.9	35
-1.89	28
-1.88	26
-1.87	29
-1.86	40
-1.85	31
-1.84	20
-1.83	39
-1.82	33
-1.81	35
-1.8	30
-1.79	35
-1.78	36
-1.77	32
-1.76	30
-1.75	27
-1.74	37
-1.73	22
-1.72	31
-1.71	39
-1.7	22
-1.69	43
-1.68	35
-1.67	39
-1.66	23
-1.65	37
-1.64	29
-1.63	31
-1.62	25
-1.61	34
-1.6	30
-1.59	37
-1.58	32
-1.57	33
-1.56	28
-1.55	31
-1.54	34
-1.53	32
-1.52	32
-1.51	31
-1.5	35
-1.49	38
-1.48	38
-1.47	33
-1.46	41
-1.45	44
-1.44	37
-1.43	30
-1.42	43
-1.41	28
-1.4	39
-1.39	34
-1.38	23
-1.37	42
-1.36	41
-1.35	31
-1.34	33
-1.33	31
-1.32	30
-1.31	30
-1.3	34
-1.29	30
-1.28	32
-1.27	35
-1.26	52
-1.25	37
-1.24	34
-1.23	36
-1.22	29
-1.21	32
-1.2	39
-1.19	40
-1.18	31
-1.17	33
-1.16	38
-1.15	35
-1.14	29
-1.13	34
-1.12	37
-1.11	34
-1.1	29
-1.09	36
-1.08	35
-1.07	32
-1.06	34
-1.05	37
-1.04	32
-1.03	30
-1.02	29
-1.01	31
-1.0	27
-0.99	33
-0.98	20
-0.97	30
-0.96	32
-0.95	34
-0.94	35
-0.93	25
-0.92	33
-0.91	37
-0.9	31
-0.89	29
-0.88	47
-0.87	32
-0.86	33
-0.85	40
-0.84	29
-0.83	31
-0.82	50
-0.81	31
-0.8	36
-0.79	40
-0.78	32
-0.77	46
-0.76	36
-0.75	29
-0.74	36
-0.73	29
-0.72	27
-0.71	42
-0.7	18
-0.69	29
-0.68	42
-0.67	29
-0.66	31
-0.65	38
-0.64	46
-0.63	31
-0.62	44
-0.61	32
-0.6	49
-0.59	36
-0.58	40
-0.57	32
-0.56	53
-0.55	33
-0.54	33
-0.53	45
-0.52	31
-0.51	33
-0.5	48
-0.49	36
-0.48	33
-0.47	40
-0.46	34
-0.45	34
-0.44	33
-0.43	37
-0.42	32
-0.41	34
-0.4	27
-0.39	37
-0.38	32
-0.37	36
-0.36	36
-0.35	30
-0.34	25
-0.33	34
-0.32	32
-0.31	32
-0.3	41
-0.29	25
-0.28	36
-0.27	38
-0.26	28
-0.25	24
-0.24	27
-0.23	33
-0.22	37
-0.21	29
-0.2	44
-0.19	24
-0.18	27
-0.17	23
-0.16	25
-0.15	21
-0.14	23
-0.13	44
-0.12	31
-0.11	26
-0.1	17
-0.09	8
-0.08	7
-0.07	5
-0.06	7
-0.05	5
-0.04	1
-0.03	2
0.0	1030
0.03	3
0.04	3
0.05	1
0.06	7
0.07	6
0.08	5
0.09	20
0.1	15
0.11	22
0.12	19
0.13	16
0.14	14
0.15	18
0.16	22
0.17	28
0.18	39
0.19	67
0.2	39
0.21	25
0.22	40
0.23	42
0.24	37
0.25	52
0.26	36
0.27	38
0.28	40
0.29	35
0.3	36
0.31	43
0.32	49
0.33	43
0.34	44
0.35	42
0.36	34
0.37	42
0.38	42
0.39	36
0.4	46
0.41	32
0.42	31
0.43	37
0.44	43
0.45	42
0.46	44
0.47	56
0.48	42
0.49	27
0.5	31
0.51	42
0.52	37
0.53	46
0.54	45
0.55	34
0.56	54
0.57	45
0.58	47
0.59	33
0.6	50
0.61	46
0.62	42
0.63	53
0.64	38
0.65	44
0.66	49
0.67	25
0.68	50
0.69	41
0.7	24
0.71	35
0.72	44
0.73	23
0.74	34
0.75	35
0.76	36
0.77	30
0.78	39
0.79	55
0.8	33
0.81	47
0.82	41
0.83	41
0.84	45
0.85	45
0.86	41
0.87	48
0.88	40
0.89	27
0.9	38
0.91	32
0.92	42
0.93	38
0.94	35
0.95	35
0.96	38
0.97	41
0.98	29
0.99	28
1.0	47
1.01	37
1.02	41
1.03	32
1.04	45
1.05	47
1.06	39
1.07	32
1.08	43
1.09	37
1.1	37
1.11	35
1.12	37
1.13	35
1.14	30
1.15	48
1.16	38
1.17	35
1.18	38
1.19	37
1.2	36
1.21	40
1.22	42
1.23	49
1.24	50
1.25	37
1.26	34
1.27	50
1.28	26
1.29	37
1.3	53
1.31	32
1.32	38
1.33	36
1.34	48
1.35	54
1.36	33
1.37	41
1.38	24
1.39	37
1.4	30
1.41	32
1.42	32
1.43	31
1.44	33
1.45	25
1.46	26
1.47	29
1.48	24
1.49	43
1.5	32
1.51	21
1.52	32
1.53	33
1.54	28
1.55	36
1.56	24
1.57	34
1.58	29
1.59	29
1.6	30
1.61	41
1.62	31
1.63	31
1.64	23
1.65	31
1.66	27
1.67	28
1.68	36
1.69	35
1.7	31
1.71	34
1.72	28
1.73	36
1.74	39
1.75	38
1.76	29
1.77	22
1.78	18
1.79	40
1.8	41
1.81	39
1.82	34
1.83	30
1.84	29
1.85	25
1.86	22
1.87	28
1.88	31
1.89	29
1.9	33
1.91	18
1.92	38
1.93	23
1.94	20
1.95	31
1.96	25
1.97	24
1.98	31
1.99	30
2.0	22
2.01	30
2.02	32
2.03	36
2.04	26
2.05	24
2.06	30
2.07	18
2.08	25
2.09	18
2.1	22
2.11	28
2.12	21
2.13	34
2.14	20
2.15	23
2.16	30
2.17	22
2.18	24
2.19	18
2.2	21
2.21	20
2.22	32
2.23	27
2.24	29
2.25	27
2.26	34
2.27	19
2.28	23
2.29	25
2.3	19
2.31	21
2.32	18
2.33	27
2.34	19
2.35	21
2.36	29
2.37	27
2.38	38
2.39	15
2.4	25
2.41	29
2.42	23
2.43	19
2.44	28
2.45	24
2.46	23
2.47	28
2.48	24
2.49	17
2.5	20
2.51	24
2.52	28
2.53	34
2.54	17
2.55	20
2.56	21
2.57	17
2.58	27
2.59	24
2.6	27
2.61	24
2.62	26
2.63	25
2.64	29
2.65	28
2.66	10
2.67	25
2.68	27
2.69	24
2.7	28
2.71	13
2.72	10
2.73	21
2.74	21
2.75	34
2.76	21
2.77	19
2.78	22
2.79	17
2.8	21
2.81	18
2.82	18
2.83	19
2.84	19
2.85	16
2.86	25
2.87	23
2.88	20
2.89	19
2.9	22
2.91	16
2.92	26
2.93	20
2.94	26
2.95	15
2.96	30
2.97	17
2.98	22
2.99	26
3.0	23
3.01	26
3.02	15
3.03	10
3.04	14
3.05	22
3.06	16
3.07	21
3.08	23
3.09	21
3.1	11
3.11	19
3.12	9
3.13	33
3.14	19
3.15	20
3.16	23
3.17	20
3.18	19
3.19	14
3.2	18
3.21	20
3.22	12
3.23	24
3.24	16
3.25	15
3.26	20
3.27	12
3.28	22
3.29	15
3.3	18
3.31	20
3.32	17
3.33	20
3.34	6
3.35	15
3.36	16
3.37	25
3.38	15
3.39	18
3.4	11
3.41	11
3.42	13
3.43	23
3.44	13
3.45	22
3.46	20
3.47	18
3.48	15
3.49	15
3.5	23
3.51	13
3.52	13
3.53	17
3.54	25
3.55	18
3.56	12
3.57	25
3.58	6
3.59	11
3.6	21
3.61	14
3.62	8
3.63	14
3.64	15
3.65	12
3.66	13
3.67	14
3.68	19
3.69	14
3.7	11
3.71	7
3.72	7
3.73	13
3.74	13
3.75	15
3.76	11
3.77	13
3.78	16
3.79	11
3.8	13
3.81	16
3.82	18
3.83	16
3.84	4
3.85	21
3.86	11
3.87	15
3.88	13
3.89	8
3.9	17
3.91	17
3.92	19
3.93	15
3.94	9
3.95	9
3.96	6
3.97	9
3.98	15
3.99	10
4.0	12
4.01	12
4.02	10
4.03	11
4.04	14
4.05	12
4.06	10
4.07	11
4.08	15
4.09	9
4.1	14
4.11	21
4.12	20
4.13	8
4.14	12
4.15	9
4.16	12
4.17	11
4.18	13
4.19	13
4.2	9
4.21	10
4.22	6
4.23	13
4.24	9
4.25	9
4.26	10
4.27	16
4.28	11
4.29	13
4.3	15
4.31	16
4.32	16
4.33	13
4.34	9
4.35	14
4.36	7
4.37	9
4.38	9
4.39	2
4.4	10
4.41	4
4.42	17
4.43	11
4.44	17
4.45	5
4.46	8
4.47	8
4.48	10
4.49	7
4.5	16
4.51	11
4.52	15
4.53	8
4.55	24
4.56	5
4.57	10
4.58	16
4.59	10
4.6	9
4.61	4
4.62	16
4.63	7
4.64	4
4.65	12
4.66	7
4.67	13
4.68	9
4.69	8
4.7	4
4.71	10
4.72	13
4.73	7
4.74	6
4.75	12
4.76	10
4.77	1
4.78	9
4.79	6
4.8	5
4.81	7
4.82	5
4.83	8
4.84	11
4.85	16
4.86	2
4.87	3
4.88	9
4.89	5
4.9	10
4.91	3
4.92	6
4.93	4
4.94	8
4.95	10
4.96	7
4.97	6
4.98	8
4.99	3
5.0	10
5.01	8
5.02	7
5.03	6
5.04	7
5.05	7
5.06	4
5.07	3
5.08	5
5.09	8
5.1	9
5.11	9
5.12	5
5.13	10
5.14	7
5.15	3
5.16	5
5.17	7
5.18	5
5.19	9
5.2	4
5.21	9
5.22	7
5.23	6
5.24	4
5.25	11
5.26	12
5.27	2
5.28	4
5.29	5
5.3	9
5.31	5
5.32	9
5.33	5
5.34	6
5.35	6
5.36	5
5.37	5
5.38	3
5.39	9
5.4	1
5.41	8
5.42	5
5.43	9
5.44	6
5.45	12
5.46	7
5.47	8
5.48	5
5.49	7
5.5	6
5.51	8
5.52	5
5.53	2
5.54	5
5.55	1
5.56	9
5.57	8
5.58	2
5.59	5
5.6	2
5.61	5
5.62	7
5.63	3
5.64	3
5.65	4
5.66	8
5.67	4
5.68	6
5.69	3
5.7	5
5.71	3
5.72	1
5.73	7
5.74	8
5.75	4
5.76	5
5.77	5
5.78	6
5.79	11
5.8	7
5.81	10
5.82	3
5.83	7
5.84	5
5.85	5
5.86	5
5.87	4
5.88	8
5.89	1
5.9	5
5.91	6
5.92	3
5.93	5
5.94	8
5.95	4
5.96	6
5.97	4
5.98	6
5.99	2
6.0	2
6.01	4
6.02	3
6.03	5
6.04	5
6.05	5
6.06	4
6.07	6
6.08	4
6.09	4
6.1	5
6.11	4
6.12	3
6.13	3
6.14	2
6.15	6
6.16	1
6.17	1
6.18	3
6.19	2
6.2	2
6.21	1
6.22	3
6.23	3
6.25	6
6.26	2
6.27	8
6.28	3
6.29	2
6.3	1
6.31	3
6.32	3
6.33	4
6.34	7
6.35	1
6.36	3
6.37	1
6.38	1
6.39	2
6.4	5
6.41	2
6.42	1
6.44	1
6.45	8
6.46	3
6.47	1
6.49	1
6.5	4
6.51	1
6.52	3
6.53	1
6.54	3
6.55	2
6.56	1
6.57	2
6.58	3
6.59	4
6.61	2
6.62	3
6.63	2
6.64	2
6.65	2
6.67	8
6.68	2
6.69	2
6.7	3
6.71	4
6.73	3
6.74	1
6.75	2
6.76	5
6.77	3
6.78	4
6.79	1
6.8	2
6.81	2
6.82	2
6.83	2
6.84	4
6.85	4
6.86	4
6.87	1
6.88	1
6.89	1
6.9	2
6.93	2
6.94	5
6.95	2
6.96	1
6.97	2
6.98	4
6.99	2
7.0	4
7.01	1
7.02	3
7.05	2
7.06	1
7.07	3
7.08	3
7.09	1
7.1	4
7.11	4
7.12	2
7.13	2
7.14	5
7.16	2
7.17	2
7.18	1
7.19	4
7.2	3
7.21	4
7.22	2
7.23	3
7.25	1
7.26	1
7.28	1
7.3	3
7.31	3
7.32	3
7.33	4
7.34	1
7.35	3
7.36	1
7.37	5
7.38	1
7.42	3
7.43	1
7.44	1
7.45	2
7.46	1
7.47	1
7.48	2
7.5	1
7.52	2
7.54	2
7.55	2
7.57	1
7.58	1
7.6	1
7.61	1
7.63	2
7.64	5
7.65	1
7.69	6
7.72	1
7.74	1
7.75	2
7.76	1
7.77	3
7.78	1
7.8	4
7.81	1
7.82	1
7.83	1
7.84	2
7.85	2
7.86	1
7.87	2
7.88	1
7.89	3
7.91	2
7.92	1
7.93	1
7.95	2
7.96	1
7.97	1
7.98	2
7.99	1
8.0	1
8.02	2
8.03	2
8.04	1
8.05	3
8.06	1
8.07	1
8.09	2
8.1	1
8.11	1
8.13	1
8.14	1
8.19	1
8.2	3
8.21	1
8.25	2
8.26	1
8.28	1
8.3	1
8.32	1
8.33	4
8.36	1
8.38	1
8.41	3
8.42	2
8.43	1
8.47	1
8.5	1
8.51	1
8.52	1
8.53	1
8.54	1
8.58	1
8.59	1
8.62	1
8.63	1
8.64	2
8.66	2
8.67	1
8.68	2
8.7	1
8.73	1
8.75	2
8.78	1
8.8	2
8.84	1
8.85	1
8.9	1
8.94	3
8.97	1
8.98	1
9.0	1
9.01	1
9.02	3
9.03	1
9.04	1
9.06	1
9.07	1
9.12	1
9.14	2
9.15	2
9.17	1
9.2	1
9.21	1
9.3	1
9.35	1
9.36	1
9.42	1
9.45	1
9.46	1
9.48	1
9.59	1
9.68	2
9.7	1
9.72	2
9.74	1
9.77	1
9.82	1
9.83	1
9.9	1
9.94	1
9.97	1
10.0	4
10.03	1
10.04	1
10.12	1
10.22	1
10.24	1
10.29	1
10.42	1
10.45	1
10.46	1
10.5	1
10.51	1
10.53	1
10.62	1
10.66	1
10.71	1
10.8	1
11.0	2
11.27	1
11.29	1
11.48	1
11.7	1
11.93	2
12.0	1
12.12	1
12.15	1
12.41	1
12.45	1
12.86	1
13.03	1
13.22	1
13.54	1
13.83	1
14.0	1
14.05	1
14.16	1
14.21	1
14.44	2
14.58	1
14.63	2
15.29	1
18.2	1
