-27.27	1
-25.86	1
-24.59	1
-24.0	1
-23.08	1
-22.39	1
-21.28	1
-21.05	1
-20.31	1
-20.27	1
-20.0	1
-19.83	1
-19.48	1
-19.33	1
-19.3	1
-19.29	1
-19.27	1
-18.87	2
-18.52	1
-18.46	1
-18.37	1
-18.25	1
-18.24	1
-18.12	1
-17.88	1
-17.76	1
-17.73	1
-17.57	1
-17.54	1
-17.5	1
-17.45	1
-17.42	1
-17.09	1
-17.07	1
-17.05	1
-17.02	1
-16.97	1
-16.95	1
-16.84	1
-16.79	2
-16.67	2
-16.54	1
-16.38	1
-16.36	1
-16.34	1
-16.33	1
-16.28	1
-16.1	1
-16.0	1
-15.83	1
-15.63	1
-15.6	1
-15.58	1
-15.54	1
-15.53	1
-15.49	1
-15.43	1
-15.38	1
-15.34	2
-15.32	2
-15.3	1
-15.19	1
-15.07	1
-15.03	1
-15.0	2
-14.89	1
-14.88	1
-14.87	1
-14.86	1
-14.81	1
-14.8	1
-14.77	1
-14.75	2
-14.74	1
-14.72	1
-14.71	1
-14.66	1
-14.61	1
-14.55	1
-14.54	1
-14.53	3
-14.49	3
-14.47	3
-14.4	1
-14.39	1
-14.38	1
-14.36	1
-14.29	5
-14.22	1
-14.18	1
-14.13	2
-14.1	1
-14.09	1
-14.08	1
-14.07	1
-14.05	2
-14.01	1
-14.0	3
-13.97	2
-13.95	4
-13.94	1
-13.93	1
-13.92	1
-13.9	1
-13.89	2
-13.88	1
-13.87	2
-13.86	1
-13.85	1
-13.83	1
-13.82	1
-13.79	2
-13.78	1
-13.77	2
-13.76	1
-13.75	1
-13.74	2
-13.71	3
-13.7	1
-13.68	3
-13.67	2
-13.66	1
-13.61	1
-13.6	1
-13.57	1
-13.55	1
-13.54	1
-13.51	2
-13.5	1
-13.46	5
-13.42	1
-13.41	1
-13.4	2
-13.39	2
-13.38	1
-13.33	5
-13.29	1
-13.28	3
-13.26	1
-13.22	3
-13.21	2
-13.19	1
-13.16	1
-13.15	2
-13.14	1
-13.13	1
-13.12	1
-13.11	2
-13.1	2
-13.08	3
-13.07	2
-13.04	4
-13.02	1
-13.01	3
-13.0	2
-12.99	1
-12.98	2
-12.96	3
-12.95	2
-12.94	1
-12.93	5
-12.91	1
-12.9	4
-12.88	2
-12.87	1
-12.86	12
-12.84	2
-12.82	4
-12.81	2
-12.8	3
-12.78	1
-12.77	5
-12.75	2
-12.74	3
-12.73	2
-12.72	2
-12.71	1
-12.7	4
-12.69	3
-12.68	4
-12.66	3
-12.62	1
-12.61	1
-12.6	2
-12.59	4
-12.58	1
-12.57	2
-12.56	1
-12.55	1
-12.53	1
-12.5	13
-12.46	3
-12.44	4
-12.42	1
-12.41	2
-12.4	1
-12.38	3
-12.36	2
-12.35	2
-12.34	4
-12.33	4
-12.32	1
-12.31	3
-12.3	2
-12.28	3
-12.27	2
-12.26	3
-12.25	2
-12.24	4
-12.23	4
-12.22	3
-12.21	2
-12.2	3
-12.19	1
-12.18	1
-12.16	3
-12.15	1
-12.14	5
-12.13	1
-12.12	2
-12.11	1
-12.1	2
-12.09	2
-12.08	3
-12.07	2
-12.06	1
-12.05	4
-12.04	3
-12.03	1
-12.02	3
-12.01	2
-12.0	5
-11.99	1
-11.98	1
-11.97	2
-11.96	2
-11.95	2
-11.94	2
-11.92	5
-11.9	4
-11.89	5
-11.88	3
-11.87	2
-11.86	2
-11.85	3
-11.84	5
-11.83	1
-11.82	1
-11.81	4
-11.8	1
-11.79	2
-11.76	8
-11.75	1
-11.74	2
-11.73	4
-11.72	3
-11.71	1
-11.7	1
-11.69	2
-11.68	3
-11.67	3
-11.66	2
-11.65	1
-11.64	2
-11.63	6
-11.62	1
-11.61	8
-11.6	1
-11.59	4
-11.58	2
-11.57	5
-11.56	8
-11.54	5
-11.53	2
-11.52	1
-11.51	4
-11.5	1
-11.49	5
-11.48	2
-11.47	2
-11.46	4
-11.45	3
-11.43	8
-11.41	3
-11.4	5
-11.39	4
-11.38	1
-11.37	2
-11.36	8
-11.35	3
-11.34	4
-11.33	6
-11.32	1
-11.31	2
-11.3	3
-11.29	1
-11.28	1
-11.27	5
-11.26	7
-11.25	4
-11.23	1
-11.22	1
-11.21	7
-11.2	2
-11.19	4
-11.18	6
-11.17	3
-11.16	1
-11.15	2
-11.14	2
-11.13	2
-11.11	29
-11.06	3
-11.05	4
-11.04	4
-11.03	2
-11.02	6
-11.01	4
-11.0	2
-10.99	5
-10.98	4
-10.97	4
-10.96	2
-10.95	7
-10.94	5
-10.93	1
-10.92	1
-10.91	6
-10.9	5
-10.89	2
-10.88	3
-10.87	5
-10.86	5
-10.85	2
-10.84	6
-10.83	5
-10.82	2
-10.81	4
-10.8	3
-10.79	3
-10.78	4
-10.77	1
-10.76	4
-10.75	1
-10.74	5
-10.73	3
-10.71	9
-10.7	1
-10.69	5
-10.68	3
-10.67	7
-10.66	2
-10.64	9
-10.63	3
-10.62	5
-10.61	3
-10.6	2
-10.59	6
-10.57	7
-10.56	7
-10.55	4
-10.54	1
-10.53	11
-10.52	1
-10.51	1
-10.5	4
-10.49	7
-10.48	5
-10.47	6
-10.46	4
-10.45	7
-10.44	2
-10.43	5
-10.42	13
-10.41	4
-10.4	5
-10.39	8
-10.38	2
-10.37	8
-10.36	4
-10.34	10
-10.33	2
-10.32	8
-10.31	6
-10.3	4
-10.29	12
-10.28	1
-10.27	3
-10.26	6
-10.25	3
-10.24	9
-10.23	7
-10.22	4
-10.21	2
-10.2	9
-10.19	8
-10.18	3
-10.17	11
-10.16	4
-10.15	3
-10.14	4
-10.13	4
-10.12	5
-10.11	5
-10.1	9
-10.09	4
-10.08	4
-10.07	4
-10.06	15
-10.05	7
-10.04	2
-10.03	2
-10.02	1
-10.0	39
-9.99	1
-9.98	2
-9.97	5
-9.96	3
-9.95	8
-9.94	8
-9.93	10
-9.92	4
-9.91	4
-9.9	8
-9.89	4
-9.88	7
-9.87	12
-9.86	11
-9.85	5
-9.84	5
-9.83	7
-9.82	7
-9.81	6
-9.8	12
-9.79	10
-9.78	1
-9.77	5
-9.76	14
-9.75	2
-9.74	7
-9.73	2
-9.72	12
-9.71	6
-9.7	9
-9.69	9
-9.68	14
-9.66	12
-9.65	5
-9.64	11
-9.63	8
-9.62	3
-9.61	3
-9.6	15
-9.59	8
-9.58	4
-9.57	16
-9.56	9
-9.55	10
-9.54	1
-9.52	19
-9.51	10
-9.5	9
-9.49	12
-9.48	9
-9.47	3
-9.46	15
-9.45	8
-9.44	7
-9.43	9
-9.42	10
-9.41	9
-9.4	11
-9.39	8
-9.38	19
-9.37	5
-9.36	8
-9.35	12
-9.34	9
-9.33	7
-9.32	7
-9.31	5
-9.3	9
-9.29	13
-9.28	10
-9.27	10
-9.26	4
-9.25	8
-9.24	8
-9.23	6
-9.22	9
-9.21	14
-9.2	12
-9.19	7
-9.18	12
-9.17	8
-9.16	12
-9.15	12
-9.14	8
-9.13	2
-9.12	6
-9.11	7
-9.1	1
-9.09	50
-9.07	9
-9.06	9
-9.05	10
-9.04	9
-9.03	20
-9.02	10
-9.01	8
-9.0	10
-8.99	17
-8.98	3
-8.97	22
-8.96	11
-8.95	2
-8.94	12
-8.93	8
-8.92	13
-8.91	5
-8.9	10
-8.89	18
-8.88	9
-8.87	10
-8.86	14
-8.85	21
-8.84	12
-8.83	5
-8.82	27
-8.81	9
-8.8	9
-8.79	9
-8.78	8
-8.77	12
-8.76	16
-8.75	18
-8.74	10
-8.73	4
-8.72	11
-8.71	6
-8.7	18
-8.69	1
-8.68	9
-8.67	12
-8.66	14
-8.65	8
-8.64	16
-8.63	12
-8.62	12
-8.61	11
-8.6	15
-8.59	12
-8.58	9
-8.57	10
-8.56	13
-8.55	16
-8.54	14
-8.53	9
-8.52	9
-8.51	25
-8.5	17
-8.49	10
-8.48	12
-8.47	24
-8.46	15
-8.45	22
-8.44	13
-8.43	13
-8.42	15
-8.41	16
-8.4	15
-8.39	13
-8.38	14
-8.37	20
-8.36	7
-8.35	7
-8.33	46
-8.32	3
-8.31	9
-8.3	5
-8.29	15
-8.28	20
-8.27	14
-8.26	15
-8.25	17
-8.24	27
-8.23	14
-8.22	15
-8.21	18
-8.2	15
-8.19	15
-8.18	17
-8.17	8
-8.16	23
-8.15	16
-8.14	16
-8.13	22
-8.12	9
-8.11	15
-8.1	11
-8.09	22
-8.08	13
-8.07	15
-8.06	10
-8.05	14
-8.04	6
-8.03	10
-8.02	15
-8.01	12
-8.0	25
-7.99	6
-7.98	14
-7.97	17
-7.96	7
-7.95	20
-7.94	10
-7.93	11
-7.92	6
-7.91	28
-7.9	3
-7.89	27
-7.88	13
-7.87	24
-7.86	16
-7.85	10
-7.84	18
-7.83	16
-7.82	10
-7.81	20
-7.8	16
-7.79	14
-7.78	27
-7.77	15
-7.76	16
-7.75	31
-7.74	20
-7.73	16
-7.72	11
-7.71	13
-7.7	2
-7.69	66
-7.68	7
-7.67	11
-7.66	15
-7.65	23
-7.64	18
-7.63	19
-7.62	16
-7.61	16
-7.6	14
-7.59	30
-7.58	15
-7.57	6
-7.56	18
-7.55	25
-7.54	9
-7.53	21
-7.52	18
-7.51	16
-7.5	27
-7.49	12
-7.48	19
-7.47	25
-7.46	20
-7.45	31
-7.44	17
-7.43	27
-7.42	9
-7.41	35
-7.4	6
-7.39	20
-7.38	27
-7.37	11
-7.36	20
-7.35	20
-7.34	11
-7.33	25
-7.32	33
-7.31	14
-7.3	16
-7.29	25
-7.28	32
-7.27	25
-7.26	15
-7.25	37
-7.24	21
-7.23	30
-7.22	22
-7.21	17
-7.2	13
-7.19	24
-7.18	15
-7.17	25
-7.16	14
-7.15	5
-7.14	68
-7.13	16
-7.12	24
-7.11	14
-7.1	27
-7.09	26
-7.08	26
-7.07	20
-7.06	26
-7.05	20
-7.04	27
-7.03	18
-7.02	24
-7.01	33
-7.0	30
-6.99	23
-6.98	33
-6.97	18
-6.96	25
-6.95	17
-6.94	44
-6.93	24
-6.92	26
-6.91	14
-6.9	39
-6.89	20
-6.88	24
-6.87	21
-6.86	35
-6.85	35
-6.84	30
-6.83	32
-6.82	35
-6.81	20
-6.8	32
-6.79	23
-6.78	21
-6.77	22
-6.76	36
-6.75	27
-6.74	27
-6.73	31
-6.72	38
-6.71	31
-6.7	26
-6.69	20
-6.68	10
-6.67	58
-6.66	3
-6.65	17
-6.64	20
-6.63	35
-6.62	41
-6.61	23
-6.6	26
-6.59	31
-6.58	33
-6.57	32
-6.56	36
-6.55	26
-6.54	28
-6.53	25
-6.52	36
-6.51	28
-6.5	32
-6.49	25
-6.48	30
-6.47	41
-6.46	16
-6.45	38
-6.44	19
-6.43	43
-6.42	22
-6.41	30
-6.4	31
-6.39	22
-6.38	38
-6.37	36
-6.36	30
-6.35	38
-6.34	27
-6.33	31
-6.32	37
-6.31	29
-6.3	30
-6.29	34
-6.28	28
-6.27	24
-6.26	11
-6.25	72
-6.24	12
-6.23	18
-6.22	30
-6.21	30
-6.2	31
-6.19	44
-6.18	24
-6.17	26
-6.16	37
-6.15	48
-6.14	31
-6.13	33
-6.12	32
-6.11	37
-6.1	28
-6.09	32
-6.08	45
-6.07	33
-6.06	44
-6.05	26
-6.04	37
-6.03	27
-6.02	48
-6.01	29
-6.0	39
-5.99	39
-5.98	36
-5.97	40
-5.96	29
-5.95	38
-5.94	31
-5.93	34
-5.92	35
-5.91	30
-5.9	33
-5.89	20
-5.88	110
-5.87	25
-5.86	32
-5.85	33
-5.84	45
-5.83	52
-5.82	32
-5.81	49
-5.8	37
-5.79	46
-5.78	26
-5.77	27
-5.76	63
-5.75	43
-5.74	37
-5.73	43
-5.72	27
-5.71	67
-5.7	36
-5.69	47
-5.68	40
-5.67	47
-5.66	49
-5.65	51
-5.64	33
-5.63	51
-5.62	31
-5.61	41
-5.6	43
-5.59	55
-5.58	39
-5.57	24
-5.56	97
-5.55	12
-5.54	24
-5.53	43
-5.52	45
-5.51	40
-5.5	37
-5.49	45
-5.48	53
-5.47	38
-5.46	28
-5.45	60
-5.44	44
-5.43	46
-5.42	43
-5.41	61
-5.4	29
-5.39	41
-5.38	49
-5.37	43
-5.36	51
-5.35	38
-5.34	43
-5.33	53
-5.32	44
-5.31	40
-5.3	62
-5.29	42
-5.28	34
-5.27	23
-5.26	105
-5.25	23
-5.24	40
-5.23	52
-5.22	61
-5.21	56
-5.2	25
-5.19	63
-5.18	37
-5.17	59
-5.16	38
-5.15	65
-5.14	48
-5.13	47
-5.12	30
-5.11	49
-5.1	47
-5.09	29
-5.08	63
-5.07	50
-5.06	58
-5.05	43
-5.04	54
-5.03	49
-5.02	41
-5.01	28
-5.0	86
-4.99	26
-4.98	49
-4.97	38
-4.96	58
-4.95	62
-4.94	29
-4.93	47
-4.92	58
-4.91	44
-4.9	62
-4.89	61
-4.88	58
-4.87	37
-4.86	47
-4.85	59
-4.84	51
-4.83	54
-4.82	56
-4.81	52
-4.8	46
-4.79	67
-4.78	54
-4.77	34
-4.76	96
-4.75	39
-4.74	40
-4.73	64
-4.72	53
-4.71	76
-4.7	56
-4.69	51
-4.68	50
-4.67	65
-4.66	40
-4.65	71
-4.64	66
-4.63	36
-4.62	85
-4.61	59
-4.6	60
-4.59	55
-4.58	76
-4.57	48
-4.56	49
-4.55	115
-4.54	26
-4.53	45
-4.52	64
-4.51	41
-4.5	45
-4.49	83
-4.48	60
-4.47	57
-4.46	71
-4.45	39
-4.44	84
-4.43	58
-4.42	59
-4.41	70
-4.4	86
-4.39	35
-4.38	82
-4.37	57
-4.36	46
-4.35	113
-4.34	44
-4.33	51
-4.32	79
-4.31	67
-4.3	70
-4.29	83
-4.28	66
-4.27	63
-4.26	72
-4.25	40
-4.24	72
-4.23	94
-4.22	39
-4.21	60
-4.2	83
-4.19	63
-4.18	51
-4.17	110
-4.16	32
-4.15	65
-4.14	74
-4.13	59
-4.12	70
-4.11	93
-4.1	70
-4.09	70
-4.08	69
-4.07	93
-4.06	43
-4.05	77
-4.04	72
-4.03	79
-4.02	59
-4.01	56
-4.0	107
-3.99	62
-3.98	59
-3.97	69
-3.96	54
-3.95	84
-3.94	59
-3.93	70
-3.92	89
-3.91	77
-3.9	81
-3.89	79
-3.88	80
-3.87	70
-3.86	67
-3.85	133
-3.84	40
-3.83	86
-3.82	74
-3.81	66
-3.8	76
-3.79	70
-3.78	63
-3.77	88
-3.76	89
-3.75	74
-3.74	88
-3.73	89
-3.72	91
-3.71	38
-3.7	125
-3.69	72
-3.68	80
-3.67	67
-3.66	85
-3.65	82
-3.64	78
-3.63	67
-3.62	78
-3.61	104
-3.6	91
-3.59	89
-3.58	58
-3.57	98
-3.56	82
-3.55	91
-3.54	81
-3.53	83
-3.52	81
-3.51	78
-3.5	84
-3.49	92
-3.48	89
-3.47	98
-3.46	69
-3.45	114
-3.44	72
-3.43	70
-3.42	82
-3.41	82
-3.4	87
-3.39	94
-3.38	76
-3.37	93
-3.36	81
-3.35	63
-3.34	42
-3.33	120
-3.32	74
-3.31	116
-3.3	89
-3.29	82
-3.28	109
-3.27	86
-3.26	77
-3.25	82
-3.24	79
-3.23	111
-3.22	51
-3.21	83
-3.2	82
-3.19	98
-3.18	89
-3.17	99
-3.16	116
-3.15	81
-3.14	94
-3.13	114
-3.12	46
-3.11	89
-3.1	102
-3.09	79
-3.08	91
-3.07	97
-3.06	93
-3.05	107
-3.04	83
-3.03	105
-3.02	80
-3.01	88
-3.0	83
-2.99	128
-2.98	57
-2.97	87
-2.96	82
-2.95	94
-2.94	127
-2.93	102
-2.92	106
-2.91	83
-2.9	113
-2.89	80
-2.88	115
-2.87	75
-2.86	112
-2.85	52
-2.84	84
-2.83	89
-2.82	118
-2.81	78
-2.8	106
-2.79	96
-2.78	115
-2.77	78
-2.76	129
-2.75	102
-2.74	118
-2.73	102
-2.72	96
-2.71	86
-2.7	118
-2.69	101
-2.68	115
-2.67	127
-2.66	67
-2.65	126
-2.64	83
-2.63	98
-2.62	99
-2.61	96
-2.6	114
-2.59	100
-2.58	104
-2.57	57
-2.56	148
-2.55	107
-2.54	101
-2.53	107
-2.52	107
-2.51	89
-2.5	116
-2.49	112
-2.48	114
-2.47	103
-2.46	101
-2.45	114
-2.44	110
-2.43	106
-2.42	139
-2.41	119
-2.4	137
-2.39	91
-2.38	104
-2.37	105
-2.36	105
-2.35	123
-2.34	91
-2.33	137
-2.32	71
-2.31	104
-2.3	113
-2.29	104
-2.28	84
-2.27	119
-2.26	123
-2.25	112
-2.24	101
-2.23	94
-2.22	126
-2.21	120
-2.2	96
-2.19	115
-2.18	86
-2.17	150
-2.16	140
-2.15	133
-2.14	121
-2.13	140
-2.12	117
-2.11	132
-2.1	113
-2.09	78
-2.08	144
-2.07	125
-2.06	107
-2.05	129
-2.04	122
-2.03	127
-2.02	137
-2.01	110
-2.0	132
-1.99	122
-1.98	108
-1.97	119
-1.96	124
-1.95	131
-1.94	125
-1.93	103
-1.92	127
-1.91	101
-1.9	153
-1.89	138
-1.88	104
-1.87	121
-1.86	114
-1.85	123
-1.84	97
-1.83	100
-1.82	131
-1.81	140
-1.8	114
-1.79	135
-1.78	111
-1.77	98
-1.76	109
-1.75	141
-1.74	129
-1.73	109
-1.72	121
-1.71	135
-1.7	103
-1.69	154
-1.68	116
-1.67	130
-1.66	106
-1.65	128
-1.64	128
-1.63	119
-1.62	100
-1.61	119
-1.6	150
-1.59	119
-1.58	100
-1.57	125
-1.56	131
-1.55	119
-1.54	134
-1.53	126
-1.52	150
-1.51	105
-1.5	159
-1.49	149
-1.48	122
-1.47	130
-1.46	133
-1.45	147
-1.44	137
-1.43	129
-1.42	143
-1.41	122
-1.4	117
-1.39	137
-1.38	102
-1.37	140
-1.36	137
-1.35	143
-1.34	121
-1.33	124
-1.32	152
-1.31	120
-1.3	141
-1.29	113
-1.28	123
-1.27	156
-1.26	116
-1.25	123
-1.24	115
-1.23	151
-1.22	148
-1.21	116
-1.2	159
-1.19	126
-1.18	149
-1.17	150
-1.16	116
-1.15	135
-1.14	133
-1.13	118
-1.12	148
-1.11	143
-1.1	147
-1.09	136
-1.08	151
-1.07	137
-1.06	160
-1.05	141
-1.04	136
-1.03	129
-1.02	136
-1.01	130
-1.0	173
-0.99	136
-0.98	135
-0.97	137
-0.96	168
-0.95	146
-0.94	126
-0.93	127
-0.92	118
-0.91	124
-0.9	136
-0.89	119
-0.88	156
-0.87	125
-0.86	132
-0.85	140
-0.84	136
-0.83	160
-0.82	129
-0.81	131
-0.8	131
-0.79	156
-0.78	142
-0.77	113
-0.76	159
-0.75	177
-0.74	168
-0.73	125
-0.72	160
-0.71	143
-0.7	123
-0.69	134
-0.68	192
-0.67	155
-0.66	162
-0.65	169
-0.64	148
-0.63	141
-0.62	165
-0.61	134
-0.6	154
-0.59	128
-0.58	140
-0.57	154
-0.56	155
-0.55	147
-0.54	160
-0.53	148
-0.52	153
-0.51	149
-0.5	150
-0.49	149
-0.48	136
-0.47	168
-0.46	122
-0.45	135
-0.44	155
-0.43	152
-0.42	123
-0.41	113
-0.4	161
-0.39	141
-0.38	136
-0.37	125
-0.36	132
-0.35	114
-0.34	128
-0.33	117
-0.32	112
-0.31	130
-0.3	138
-0.29	136
-0.28	134
-0.27	108
-0.26	115
-0.25	123
-0.24	125
-0.23	131
-0.22	135
-0.21	127
-0.2	126
-0.19	132
-0.18	125
-0.17	103
-0.16	84
-0.15	106
-0.14	82
-0.13	100
-0.12	89
-0.11	118
-0.1	52
-0.09	42
-0.08	19
-0.07	31
-0.06	19
-0.05	10
-0.04	5
-0.03	8
-0.02	2
-0.01	1
0.0	4392
0.01	3
0.02	4
0.03	7
0.04	6
0.05	10
0.06	34
0.07	35
0.08	32
0.09	60
0.1	91
0.11	94
0.12	109
0.13	96
0.14	96
0.15	107
0.16	101
0.17	109
0.18	96
0.19	116
0.2	120
0.21	106
0.22	129
0.23	144
0.24	146
0.25	142
0.26	114
0.27	147
0.28	147
0.29	171
0.3	139
0.31	123
0.32	140
0.33	135
0.34	131
0.35	161
0.36	124
0.37	148
0.38	163
0.39	128
0.4	153
0.41	144
0.42	139
0.43	160
0.44	147
0.45	130
0.46	132
0.47	151
0.48	152
0.49	154
0.5	166
0.51	164
0.52	157
0.53	159
0.54	140
0.55	137
0.56	168
0.57	159
0.58	154
0.59	139
0.6	169
0.61	183
0.62	168
0.63	172
0.64	158
0.65	163
0.66	158
0.67	149
0.68	166
0.69	173
0.7	156
0.71	145
0.72	148
0.73	104
0.74	145
0.75	145
0.76	152
0.77	138
0.78	131
0.79	119
0.8	133
0.81	141
0.82	164
0.83	159
0.84	152
0.85	149
0.86	132
0.87	148
0.88	167
0.89	118
0.9	152
0.91	140
0.92	140
0.93	154
0.94	115
0.95	140
0.96	138
0.97	167
0.98	138
0.99	135
1.0	147
1.01	146
1.02	144
1.03	146
1.04	128
1.05	144
1.06	139
1.07	108
1.08	157
1.09	165
1.1	146
1.11	145
1.12	157
1.13	113
1.14	131
1.15	151
1.16	148
1.17	128
1.18	149
1.19	141
1.2	168
1.21	115
1.22	148
1.23	160
1.24	128
1.25	132
1.26	140
1.27	150
1.28	145
1.29	139
1.3	148
1.31	117
1.32	172
1.33	114
1.34	148
1.35	154
1.36	122
1.37	120
1.38	109
1.39	131
1.4	117
1.41	129
1.42	124
1.43	127
1.44	124
1.45	128
1.46	140
1.47	118
1.48	112
1.49	144
1.5	112
1.51	99
1.52	166
1.53	142
1.54	117
1.55	130
1.56	124
1.57	124
1.58	113
1.59	117
1.6	128
1.61	123
1.62	124
1.63	129
1.64	133
1.65	105
1.66	118
1.67	135
1.68	98
1.69	137
1.7	107
1.71	121
1.72	126
1.73	95
1.74	120
1.75	130
1.76	93
1.77	91
1.78	72
1.79	155
1.8	103
1.81	93
1.82	133
1.83	119
1.84	98
1.85	110
1.86	90
1.87	92
1.88	105
1.89	136
1.9	134
1.91	92
1.92	126
1.93	97
1.94	111
1.95	90
1.96	121
1.97	101
1.98	97
1.99	89
2.0	106
2.01	103
2.02	105
2.03	93
2.04	115
2.05	96
2.06	89
2.07	95
2.08	127
2.09	88
2.1	85
2.11	101
2.12	80
2.13	101
2.14	107
2.15	81
2.16	116
2.17	105
2.18	68
2.19	106
2.2	95
2.21	99
2.22	111
2.23	82
2.24	97
2.25	99
2.26	92
2.27	97
2.28	69
2.29	94
2.3	97
2.31	102
2.32	60
2.33	121
2.34	88
2.35	76
2.36	81
2.37	91
2.38	92
2.39	59
2.4	83
2.41	94
2.42	94
2.43	73
2.44	118
2.45	87
2.46	95
2.47	96
2.48	102
2.49	67
2.5	90
2.51	72
2.52	70
2.53	86
2.54	79
2.55	93
2.56	104
2.57	45
2.58	87
2.59	79
2.6	59
2.61	88
2.62	66
2.63	93
2.64	66
2.65	101
2.66	64
2.67	90
2.68	93
2.69	71
2.7	97
2.71	72
2.72	81
2.73	78
2.74	72
2.75	79
2.76	79
2.77	40
2.78	85
2.79	59
2.8	81
2.81	79
2.82	86
2.83	55
2.84	68
2.85	47
2.86	92
2.87	64
2.88	83
2.89	56
2.9	62
2.91	76
2.92	71
2.93	59
2.94	76
2.95	62
2.96	66
2.97	62
2.98	51
2.99	74
3.0	55
3.01	66
3.02	71
3.03	87
3.04	68
3.05	54
3.06	54
3.07	61
3.08	68
3.09	55
3.1	68
3.11	67
3.12	34
3.13	96
3.14	62
3.15	58
3.16	73
3.17	74
3.18	65
3.19	61
3.2	46
3.21	68
3.22	28
3.23	76
3.24	61
3.25	59
3.26	49
3.27	46
3.28	61
3.29	51
3.3	57
3.31	74
3.32	52
3.33	76
3.34	25
3.35	48
3.36	69
3.37	68
3.38	53
3.39	63
3.4	55
3.41	51
3.42	57
3.43	64
3.44	52
3.45	79
3.46	53
3.47	68
3.48	56
3.49	55
3.5	63
3.51	66
3.52	52
3.53	54
3.54	66
3.55	49
3.56	45
3.57	57
3.58	32
3.59	55
3.6	63
3.61	52
3.62	49
3.63	48
3.64	62
3.65	63
3.66	60
3.67	52
3.68	56
3.69	41
3.7	61
3.71	35
3.72	40
3.73	46
3.74	48
3.75	46
3.76	38
3.77	51
3.78	42
3.79	60
3.8	51
3.81	35
3.82	40
3.83	43
3.84	26
3.85	70
3.86	31
3.87	45
3.88	43
3.89	23
3.9	53
3.91	41
3.92	46
3.93	44
3.94	40
3.95	33
3.96	45
3.97	45
3.98	43
3.99	38
4.0	48
4.01	35
4.02	39
4.03	34
4.04	44
4.05	46
4.06	37
4.07	47
4.08	59
4.09	49
4.1	34
4.11	46
4.12	38
4.13	41
4.14	38
4.15	40
4.16	26
4.17	73
4.18	34
4.19	35
4.2	47
4.21	38
4.22	23
4.23	55
4.24	33
4.25	29
4.26	44
4.27	42
4.28	30
4.29	40
4.3	34
4.31	30
4.32	47
4.33	43
4.34	16
4.35	61
4.36	23
4.37	37
4.38	35
4.39	37
4.4	38
4.41	30
4.42	30
4.43	30
4.44	42
4.45	14
4.46	36
4.47	30
4.48	50
4.49	43
4.5	31
4.51	23
4.52	35
4.53	21
4.54	13
4.55	63
4.56	40
4.57	30
4.58	34
4.59	37
4.6	27
4.61	22
4.62	46
4.63	35
4.64	22
4.65	32
4.66	28
4.67	32
4.68	22
4.69	22
4.7	20
4.71	33
4.72	24
4.73	25
4.74	31
4.75	15
4.76	52
4.77	12
4.78	24
4.79	32
4.8	18
4.81	23
4.82	36
4.83	27
4.84	32
4.85	35
4.86	21
4.87	14
4.88	37
4.89	20
4.9	28
4.91	25
4.92	35
4.93	30
4.94	22
4.95	33
4.96	22
4.97	19
4.98	31
4.99	13
5.0	46
5.01	13
5.02	22
5.03	23
5.04	27
5.05	27
5.06	20
5.07	19
5.08	28
5.09	14
5.1	25
5.11	22
5.12	19
5.13	21
5.14	22
5.15	22
5.16	30
5.17	28
5.18	20
5.19	29
5.2	6
5.21	17
5.22	22
5.23	25
5.24	15
5.25	16
5.26	36
5.27	9
5.28	11
5.29	15
5.3	22
5.31	20
5.32	20
5.33	28
5.34	28
5.35	19
5.36	24
5.37	23
5.38	18
5.39	10
5.4	10
5.41	29
5.42	18
5.43	27
5.44	23
5.45	26
5.46	10
5.47	26
5.48	24
5.49	24
5.5	24
5.51	21
5.52	21
5.53	11
5.54	20
5.55	3
5.56	43
5.57	22
5.58	14
5.59	19
5.6	8
5.61	18
5.62	10
5.63	25
5.64	9
5.65	25
5.66	23
5.67	10
5.68	17
5.69	15
5.7	9
5.71	27
5.72	9
5.73	18
5.74	21
5.75	15
5.76	13
5.77	18
5.78	8
5.79	16
5.8	28
5.81	16
5.82	4
5.83	9
5.84	19
5.85	14
5.86	14
5.87	11
5.88	37
5.89	6
5.9	12
5.91	8
5.92	10
5.93	17
5.94	14
5.95	15
5.96	12
5.97	16
5.98	14
5.99	13
6.0	13
6.01	8
6.02	14
6.03	11
6.04	15
6.05	6
6.06	16
6.07	14
6.08	14
6.09	14
6.1	11
6.11	21
6.12	15
6.13	8
6.14	11
6.15	13
6.16	8
6.17	8
6.18	5
6.19	13
6.2	6
6.21	14
6.22	10
6.23	13
6.24	4
6.25	28
6.26	2
6.27	7
6.28	10
6.29	8
6.3	7
6.31	12
6.32	16
6.33	14
6.34	8
6.35	11
6.36	11
6.37	11
6.38	12
6.39	6
6.4	18
6.41	14
6.42	8
6.43	7
6.44	9
6.45	17
6.46	10
6.47	18
6.48	9
6.49	10
6.5	12
6.51	13
6.52	13
6.53	14
6.54	5
6.55	9
6.56	6
6.57	8
6.58	7
6.59	12
6.6	11
6.61	8
6.62	6
6.63	10
6.64	8
6.65	4
6.66	2
6.67	25
6.68	6
6.69	9
6.7	8
6.71	6
6.72	7
6.73	8
6.74	7
6.75	9
6.76	10
6.77	8
6.78	7
6.79	3
6.8	8
6.81	4
6.82	13
6.83	11
6.84	5
6.85	11
6.86	7
6.87	8
6.88	12
6.89	4
6.9	6
6.91	6
6.92	8
6.93	7
6.94	12
6.95	6
6.96	7
6.97	3
6.98	11
6.99	7
7.0	7
7.01	10
7.02	8
7.03	8
7.04	7
7.05	3
7.06	4
7.07	6
7.08	8
7.09	12
7.1	9
7.11	3
7.12	7
7.13	5
7.14	19
7.15	1
7.16	8
7.17	7
7.18	2
7.19	9
7.2	4
7.21	7
7.22	5
7.23	11
7.25	6
7.26	5
7.27	8
7.28	5
7.29	4
7.3	3
7.31	3
7.32	10
7.33	7
7.34	6
7.35	8
7.36	4
7.37	2
7.38	6
7.39	6
7.41	7
7.42	4
7.43	3
7.44	2
7.45	4
7.46	6
7.47	6
7.48	7
7.49	1
7.5	12
7.51	1
7.52	4
7.53	7
7.54	4
7.55	3
7.56	7
7.57	4
7.58	7
7.59	3
7.6	9
7.61	2
7.62	6
7.63	4
7.64	3
7.65	4
7.66	7
7.68	5
7.69	18
7.7	1
7.71	2
7.72	4
7.73	6
7.74	5
7.75	5
7.76	4
7.77	5
7.78	7
7.79	9
7.8	7
7.81	4
7.82	4
7.83	4
7.84	5
7.85	1
7.86	5
7.87	6
7.88	6
7.89	4
7.9	1
7.91	5
7.92	1
7.93	2
7.94	14
7.95	3
7.96	2
7.97	1
7.98	2
7.99	4
8.0	3
8.01	1
8.02	3
8.04	5
8.05	6
8.06	3
8.07	1
8.08	5
8.09	6
8.1	2
8.11	8
8.13	4
8.14	4
8.16	3
8.17	3
8.18	5
8.19	2
8.2	4
8.21	4
8.22	1
8.23	3
8.24	3
8.25	3
8.26	2
8.27	2
8.28	3
8.29	3
8.3	2
8.31	1
8.33	8
8.35	1
8.36	2
8.37	1
8.38	1
8.4	2
8.41	3
8.42	1
8.43	3
8.44	3
8.45	2
8.46	1
8.47	4
8.48	3
8.49	3
8.5	1
8.51	3
8.52	1
8.53	2
8.54	2
8.55	4
8.56	3
8.57	6
8.59	1
8.6	2
8.61	2
8.62	6
8.63	2
8.64	2
8.65	2
8.66	2
8.67	3
8.68	2
8.7	9
8.71	1
8.72	5
8.73	3
8.75	2
8.76	1
8.77	2
8.79	1
8.8	2
8.81	2
8.82	1
8.83	2
8.84	2
8.85	1
8.86	1
8.88	2
8.89	4
8.91	2
8.92	2
8.93	3
8.94	4
8.95	1
8.96	1
8.97	2
8.99	1
9.0	2
9.01	1
9.03	1
9.04	2
9.05	2
9.06	4
9.07	3
9.09	9
9.12	1
9.13	3
9.14	1
9.16	1
9.17	2
9.19	1
9.2	3
9.21	2
9.23	1
9.24	2
9.25	1
9.26	4
9.27	1
9.32	2
9.33	2
9.34	1
9.35	2
9.36	1
9.38	6
9.39	2
9.4	3
9.41	1
9.43	5
9.44	1
9.45	1
9.46	1
9.47	1
9.48	2
9.49	1
9.5	1
9.51	1
9.52	4
9.54	2
9.56	1
9.59	2
9.6	1
9.63	1
9.64	1
9.65	1
9.66	2
9.7	1
9.71	1
9.72	2
9.73	3
9.74	3
9.76	2
9.77	1
9.79	1
9.8	2
9.81	1
9.82	1
9.84	2
9.88	1
9.89	2
9.92	1
9.93	1
9.95	1
9.96	1
9.98	1
10.0	8
10.03	1
10.04	1
10.08	2
10.11	1
10.13	1
10.14	2
10.16	1
10.17	1
10.19	2
10.2	1
10.21	1
10.26	2
10.3	2
10.31	2
10.34	1
10.42	1
10.45	1
10.48	1
10.53	3
10.56	1
10.63	1
10.66	1
10.7	1
10.74	2
10.75	1
10.78	1
10.79	1
10.81	1
10.84	1
10.85	1
10.87	1
10.91	1
10.92	1
10.94	1
10.99	1
11.0	1
11.02	1
11.03	1
11.05	1
11.11	3
11.16	1
11.21	1
11.24	1
11.29	1
11.36	1
11.4	2
11.54	2
11.74	1
11.9	2
11.92	1
12.0	1
12.02	1
12.1	1
12.11	1
12.17	1
12.2	1
12.24	1
12.28	1
12.4	1
12.45	1
12.5	1
12.56	1
12.78	1
13.1	1
13.31	1
13.33	1
13.48	1
13.54	1
14.13	1
14.14	1
15.69	1
15.75	1
16.19	1
16.9	1
17.69	1
18.2	1
